000000000010926614531020070000322
000000000110926614531020073010003103296700000003302010020000000000074080000000000050191000000100000000000000000000000000155400000000000000000000000000000011020070089002330000110000000010002110000000
000000000210926614531020073020003103296700000003302010020000000000045640000000000025591000000100000000000000000000000000155400000000000000000000000000000311020070089002330000110000000010002110000000
000000000310926614531020074011998103296700000003302010020000000000730630000000000633021000000100000000000000000000000000155400000000000000000000000000000311020070089002330000086640000010002086640000
000000000410926614531020071011998103296700000003302010020000000000730630000000000633021000000100000000000000000000000000155400000000000000000000000000000311020070089002330000086640000010002086640000
000000000510926614531020074012998103296700000003302010020000000000759070000000000657621000000100000000000000000000000000155400000000000000000000000000000311020070089002330000086640000010002086640000
000000000610926614531020071012998103296700000003302010020000000000530000000000000459511000000100000000000000000000000000155400000000000000000000000000000311020070089002330000086640000010002086640000
000000000710926614531020071022003103296700000003302010020000000000229070000000000198111000000100000000000000000000000000155400000000000000000000000000000311020070089002330000086640000010002086640000
000000000810926614531020071022998103296700000003302010020000000000229070000000000198111000000100000000000000000000000000155400000000000000000000000000000311020070089002330000086640000010002086640000
000000000910926614531020073010003103296700000003302010030000000000107820000000000093431000000100000000000000000000000000155400000000000000000000000000000011020070089002330000086650000010002086650000
000000001010926614531020073020003103296700000003302010030000000000107320000000000093011000000100000000000000000000000000155400000000000000000000000000000311020070089002330000086650000010002086650000
000000001110926614531020074011998103296700000003302010030000000000437980000000000379501000000100000000000000000000000000155400000000000000000000000000000311020070089002330000086650000010002086650000
000000001210926614531020071011998103296700000003302010030000000000437980000000000379501000000100000000000000000000000000155400000000000000000000000000000311020070089002330000086650000010002086650000
000000001310926614531020074012998103296700000003302010030000000000438480000000000379921000000100000000000000000000000000155400000000000000000000000000000311020070089002330000086650000010002086650000
000000001410926614531020071012998103296700000003302010030000000000379560000000000328931000000100000000000000000000000000155400000000000000000000000000000311020070089002330000086650000010002086650000
000000001510926614531020071022003103296700000003302010030000000000058920000000000050991000000100000000000000000000000000155400000000000000000000000000000311020070089002330000086650000010002086650000
000000001610926614531020071022998103296700000003302010030000000000058920000000000050991000000100000000000000000000000000155400000000000000000000000000000311020070089002330000086650000010002086650000
000000001710926614531020073010003103296700000004101020010000000000055300000000000043771000000100000000000000000000000000155400000000000000000000000000000011020070089002330000079060000010002079060000
000000001810926614531020073020003103296700000004101020010000000000029320000000000023211000000100000000000000000000000000155400000000000000000000000000000311020070089002330000079060000010002079060000
000000001910926614531020074011998103296700000004101020010000000000000000000000000000001000000100000000000000000000000000155400000000000000000000000000000311020070089002330000079060000010002079060000
000000002010926614531020071011998103296700000004101020010000000000000000000000000000001000000100000000000000000000000000155400000000000000000000000000000311020070089002330000079060000010002079060000
000000002110926614531020074012998103296700000004101020010000000000025980000000000020561000000100000000000000000000000000155400000000000000000000000000000311020070089002330000079060000010002079060000
000000002210926614531020071012998103296700000004101020010000000000025610000000000020221000000100000000000000000000000000155400000000000000000000000000000311020070089002330000079060000010002079060000
000000002310926614531020071022003103296700000004101020010000000000000370000000000000341000000100000000000000000000000000155400000000000000000000000000000311020070089002330000079060000010002079060000
000000002410926614531020071022998103296700000004101020010000000000000370000000000000341000000100000000000000000000000000155400000000000000000000000000000311020070089002330000079060000010002079060000
000000002510926614531020073010003103296700000003301010010000000000205140000000000160901000000100000000000000000000000000155400000000000000000000000000000011020070089002330000078470000010002078470000
000000002610926614531020073020003103296700000003301010010000000000133280000000000104651000000100000000000000000000000000155400000000000000000000000000000311020070089002330000078470000010002078470000
000000002710926614531020074011998103296700000003301010010000000000000000000000000000001000000100000000000000000000000000155400000000000000000000000000000311020070089002330000078470000010002078470000
000000002810926614531020071011998103296700000003301010010000000000000000000000000000001000000100000000000000000000000000155400000000000000000000000000000311020070089002330000078470000010002078470000
000000002910926614531020074012998103296700000003301010010000000000071860000000000056251000000100000000000000000000000000155400000000000000000000000000000311020070089002330000078470000010002078470000
000000003010926614531020071012998103296700000003301010010000000000070400000000000051961000000100000000000000000000000000155400000000000000000000000000000311020070089002330000078470000010002078470000
000000003110926614531020071022003103296700000003301010010000000000001460000000000004291000000100000000000000000000000000155400000000000000000000000000000311020070089002330000078470000010002078470000
000000003210926614531020071022998103296700000003301010010000000000001460000000000004291000000100000000000000000000000000155400000000000000000000000000000311020070089002330000078470000010002078470000
000000003310926614531020073010003103296700000003302010080000000000028740000000000024941000000100000000000000000000000000155400000000000000000000000000000011020070089002330000086960000010002086960000
000000003410926614531020073020003103296700000003302010080000000000008190000000000007101000000100000000000000000000000000155400000000000000000000000000000311020070089002330000086960000010002086960000
000000003510926614531020074011998103296700000003302010080000000000000000000000000000001000000100000000000000000000000000155400000000000000000000000000000311020070089002330000086770000010002086770000
000000003610926614531020071011998103296700000003302010080000000000000000000000000000001000000100000000000000000000000000155400000000000000000000000000000311020070089002330000086770000010002086770000
000000003710926614531020074012998103296700000003302010080000000000020550000000000017841000000100000000000000000000000000155400000000000000000000000000000311020070089002330000086770000010002086770000
000000003810926614531020071012998103296700000003302010080000000000004000000000000003481000000100000000000000000000000000155400000000000000000000000000000311020070089002330000086770000010002086770000
000000003910926614531020071022003103296700000003302010080000000000016550000000000014361000000100000000000000000000000000155400000000000000000000000000000311020070089002330000086770000010002086770000
000000004010926614531020071022998103296700000003302010080000000000016550000000000014361000000100000000000000000000000000155400000000000000000000000000000311020070089002330000086770000010002086770000
000000004110926614531020073010003103296700000003301010050000000000128870000000000093761000000100000000000000000000000000155400000000000000000000000000000011020070089002330000072870000010002072870000
000000004210926614531020073020003103296700000003301010050000000000106910000000000077731000000100000000000000000000000000155400000000000000000000000000000311020070089002330000072870000010002072870000
000000004310926614531020074011998103296700000003301010050000000000402870000000000292451000000100000000000000000000000000155400000000000000000000000000000311020070089002330000072560000010002072560000
000000004410926614531020071011998103296700000003301010050000000000402870000000000292451000000100000000000000000000000000155400000000000000000000000000000311020070089002330000072560000010002072560000
000000004510926614531020074012998103296700000003301010050000000000424830000000000308481000000100000000000000000000000000155400000000000000000000000000000311020070089002330000072560000010002072560000
000000004610926614531020071012998103296700000003301010050000000000285300000000000207471000000100000000000000000000000000155400000000000000000000000000000311020070089002330000072560000010002072560000
000000004710926614531020071022003103296700000003301010050000000000139530000000000101011000000100000000000000000000000000155400000000000000000000000000000311020070089002330000072560000010002072560000
000000004810926614531020071022998103296700000003301010050000000000139530000000000101011000000100000000000000000000000000155400000000000000000000000000000311020070089002330000072560000010002072560000
000000004910926614531020073010003103296700000003301010020000000000022610000000000015951000000100000000000000000000000000155400000000000000000000000000000011020070089002330000070620000010002070620000
000000005010926614531020073020003103296700000003301010020000000000008610000000000006071000000100000000000000000000000000155400000000000000000000000000000311020070089002330000070620000010002070620000
000000005110926614531020074011998103296700000003301010020000000000030070000000000021241000000100000000000000000000000000155400000000000000000000000000000311020070089002330000070620000010002070620000
000000005210926614531020071011998103296700000003301010020000000000030070000000000021241000000100000000000000000000000000155400000000000000000000000000000311020070089002330000070620000010002070620000
000000005310926614531020074012998103296700000003301010020000000000044070000000000031121000000100000000000000000000000000155400000000000000000000000000000311020070089002330000070620000010002070620000
000000005410926614531020071012998103296700000003301010020000000000044000000000000031031000000100000000000000000000000000155400000000000000000000000000000311020070089002330000070620000010002070620000
000000005510926614531020071022003103296700000003301010020000000000000070000000000000091000000100000000000000000000000000155400000000000000000000000000000311020070089002330000070620000010002070620000
000000005610926614531020071022998103296700000003301010020000000000000070000000000000091000000100000000000000000000000000155400000000000000000000000000000311020070089002330000070620000010002070620000
000000005710926614531020071012002103296700000003302010020000000000020000000000000017331000000192779370000197000753320991155400000000000000000000008491704011020070089002330000086640000010002086640000
000000005810926614531020071011001103296710362853302010020000000000161200000000000139661000000188948492000192000825820991155400000000000000000000040789204011020070089002330000086640000010002086640000
000000005910926614531020071012002103296700000003302010020000000000020000000000000017331000000194661428000129000791820991155400000000000000000000008492404011020070089002330000086640000010002086640000
000000006010926614531020071012002103296700000003301010020000000000002000000000000001411000000191952978000109000791822293155400000000000000000000008493704011020070089002330000070620000010002070620000
000000006110926614531020071012002103296700000004101020010000000000001000000000000000791000000192883110000152000799433163155400000000000000000000008494204011020070089002330000079060000010002079060000
000000006210926614531020071012002103296700000003301010050000000000002000000000000001461000000188611835000129000756629301155400000000000000000000008496204011020070089002330000072870000010002072870000
000000006310926614531020071012002103296700000003301010050000000000002000000000000001461000000102487863000160000766728232155400000000000000000000008496504011020070089002330000072870000010002072870000
000000006410926614531020071012002103296700000003301010010000000000001140000000000000811000000108512257000134000815147440155400000000000000000000008498204011020070089002330000071000000010002071000000
000000006510926614531020071012002103296700000003302010020000000000010000000000000008681000000192104199000116000771915297155400000000000000000000008498404011020070089002330000086800000010002086800000
000000006610926614531020071012002103296700000003302010030000000000002000000000000001731000000192632512000199000825115106155400000000000000000000008498504011020070089002330000086650000010002086650000
000000006710926614531020071012002103296700000003302010020000000000010000000000000008681000000103959238000137000756615106155400000000000000000000008498704011020070089002330000086800000010002086800000
000000006810926614531020071012002103296700000003301010010000000000001000000000000000791000000100081503000139000791858191155400000000000000000000008499804011020070089002330000078920000010002078920000
000000006910926614531020071012002103296700000003302010030000000000001000000000000000871000000192752468000150000774828330155400000000000000000000008502004021020070089002330000086660000010002086660000
000000007010926614531020071012002103296700000003301010050000000000004000000000000002911000000188302591000100000753315211155400000000000000000000008502904021020070089002330000072870000010002072870000
000000007110926614531020071012002103296700000003302010020000000000002000000000000001741000000104010746000137000814620711155400000000000000000000008503604021020070089002330000086800000010002086800000
000000007210926614531020071012002103296700000003301010010000000000001380000000000000981000000102232002000131000852147415155400000000000000000000008504104021020070089002330000071000000010002071000000
000000007310926614531020071012002103296700000004101020010000000000000180000000000000141000000102232002000131000852147415155400000000000000000000008504104021020070089002330000079000000010002079000000
000000007410926614531020071012002103296700000003301010050000000000000180000000000000131000000102232002000131000852147415155400000000000000000000008504104021020070089002330000072867000010002072866700
000000007510926614531020071012002103296700000003302010020000000000002000000000000001741000000102491687000130000756628232155400000000000000000000008505804021020070089002330000086800000010002086800000
000000007610926614531020071012002103296700000003301010010000000000001500000000000001061000000189060370000128000740847415155400000000000000000000008506904031020070089002330000071000000010002071000000
000000007710926614531020071012002103296700000004101020010000000000000840000000000000671000000189060370000128000740847415155400000000000000000000008506904031020070089002330000079000000010002079000000
000000007810926614531020071012002103296700000003301010010000000000001000000000000000791000000191506550000132000751718211155400000000000000000000008507004031020070089002330000078920000010002078920000
000000007910926614531020071012002103296700000003302010030000000000002000000000000001731000000190292970000109000753325993155400000000000000000000008507704031020070089002330000086650000010002086650000
000000008010926614531020071012002103296700000003301010050000000000002000000000000001461000000188611835000129000756629301155400000000000000000000008507904031020070089002330000072870000010002072870000
000000008110926614531020071012002103296700000003301010050000000000004000000000000002911000000191704981000103000742125993155400000000000000000000008508004031020070089002330000072870000010002072870000
000000008210926614531020071012002103296700000003302010030000000000002000000000000001731000000191495499000100000789328330155400000000000000000000008508204031020070089002330000086650000010002086650000
000000008310926614531020071012002103296700000003302010020000000000010000000000000008681000000190233826000193000756615106155400000000000000000000008508304031020070089002330000086800000010002086800000
000000008410926614531020071012002103296700000003302010020000000000030000000000000025991000000192779370000197000753320991155400000000000000000000008510104031020070089002330000086640000010002086640000
000000008510926614531020071012002103296700000003301010010000000000000960000000000000741000000192661453000268000799447415155400000000000000000000008509004031020070089002330000071000000010002071000000
000000008610926614531020071012002103296700000003301010050000000000000600000000000000441000000192661453000268000799447415155400000000000000000000008509004031020070089002330000072870000010002072870000
000000008710926614531020071012002103296700000003301010020000000000002000000000000001411000000197328090000186000751720291155400000000000000000000008511604041020070089002330000070620000010002070620000
000000008810926614531020071012002103296700000003301010050000000000000540000000000000391000000104979039000153000818022293155400000000000000000000008511704041020070089002330000072870000010002072870000
000000008910926614531020071012002103296700000003301010050000000000002000000000000001461000000192715812057834000753335140155400000000000000000000008513804041020070089002330000072870000010002072870000
000000009010926614531020071012002103296700000004101020010000000000000180000000000000141000000187379640000132000822845307155400000000000000000000008513904041020070089002330000079000000010002079000000
000000009110926614531020071012002103296700000003301010010000000000001000000000000000791000000191777078000172000753346478155400000000000000000000008514004041020070089002330000078920000010002078920000
000000009210926614531020071012002103296700000003301010050000000000000180000000000000131000000190550427000156000799447440155400000000000000000000008514104041020070089002330000071000000010002071000000
000000009310926614531020071012002103296700000003301010010000000000000360000000000000261000000190550427000156000799447440155400000000000000000000008514104041020070089002330000071000000010002071000000
000000009410926614531020071012002103296700000004101020010000000000000360000000000000281000000190550427000156000799447440155400000000000000000000008514104041020070089002330000079000000010002079000000
000000009510926614531020071012002103296700000003301010050000000000001080000000000000791000000189463822000112000756645111155400000000000000000000008514304041020070089002330000072870000010002072870000
000000009610926614531020071012002103296700000003302010030000000000000720000000000000621000000103705616000156000750225438155400000000000000000000008514404041020070089002330000086650000010002086650000
000000009710926614531020071012002103296700000003302010020000000000006000000000000005211000000102491687000130000756628232155400000000000000000000008514504041020070089002330000086800000010002086800000
000000009810926614531020071012002103296700000003302010030000000000010000000000000008661000000104654447000488000756627104155400000000000000000000008514604041020070089002330000086650000010002086650000
000000009910926614531020071012002103296700000003302010030000000000001000000000000000871000000104220434000158000756625993155400000000000000000000008514704041020070089002330000086660000010002086660000
000000010010926614531020071012002103296700000004101020010000000000002000000000000001581000000193126241000162000799420614155400000000000000000000008514804041020070089002330000079060000010002079060000
000000010110926614531020071012002103296700000003301010050000000000030000000000000021791000000189515712000157000750215297155400000000000000000000008517504041020070089002330000072640000010002072640000
000000010210926614531020071012002103296700000003301010050000000000002000000000000001461000000193126241000162000799420614155400000000000000000000008518404051020070089002330000072870000010002072870000
000000010310926614531020071011001103296710362853301010050000000000100930000000000073231000000188948492000192000825820991155400000000000000000000040838604051020070089002330000072560000010002072560000
000000010410926614531020071012002103296700000003301010010000000000000720000000000000511000000194616026000102000824547423155400000000000000000000008518804051020070089002330000071000000010002071000000
000000010510926614531020071011001103296710362853302010020000000000060460000000000052381000000188948492000192000825820991155400000000000000000000040839604051020070089002330000086640000010002086640000
000000010610926614531020071012002103296700000003301010050000000000002000000000000001461000000188611835000129000756629301155400000000000000000000008519304051020070089002330000072870000010002072870000
000000010710926614531020071012002103296700000003301010050000000000002000000000000001461000000193899359000123000828827511155400000000000000000000008519704051020070089002330000072870000010002072870000
000000010810926614531020071012002103296700000003302010020000000000002000000000000001741000000104010746000137000814620711155400000000000000000000008519904051020070089002330000086800000010002086800000
000000010910926614531020071012002103296700000003302010030000000000004000000000000003471000000104010746000137000814620711155400000000000000000000008519904051020070089002330000086650000010002086650000
000000011010926614531020071012002103296700000003301010010000000000001000000000000000791000000106152454000164000799420631155400000000000000000000008521404051020070089002330000078920000010002078920000
000000011110926614531020071012002103296700000003301010050000000000000180000000000000131000000175536557000140000837745200155400000000000000000000008521804051020070089002330000072867000010002072866700
000000011210926614531020071012002103296700000003301010050000000000002000000000000001461000000188611835000129000756629301155400000000000000000000008523104081020070089002330000072870000010002072870000
000000011310926614531020071012002103296700000004101020010000000000000150000000000000121000000101799357000144000753342928155400000000000000000000008523304081020070089002330000079060000010002079060000
000000011410926614531020071012002103296700000003301010010000000000002000000000000001581000000106352370000174000769617311155400000000000000000000008523404081020070089002330000078970000010002078970000
000000011510926614531020071012002103296700000003301010010000000000000360000000000000261000000188809637000174000799447440155400000000000000000000008524004081020070089002330000071000000010002071000000
000000011610926614531020071012002103296700000004101020010000000000000180000000000000141000000188809637000174000799447440155400000000000000000000008524004081020070089002330000079000000010002079000000
000000011710926614531020071012002103296700000003302010030000000000002000000000000001731000000191495499000100000789328330155400000000000000000000008524204081020070089002330000086650000010002086650000
000000011810926614531020071012002103296700000003301010050000000000000180000000000000131000000192781335000102000799425501155400000000000000000000008524504081020070089002330000071000000010002071000000
000000011910926614531020071012002103296700000003302010030000000000002000000000000001731000000192865674000177000756645200155400000000000000000000008525104081020070089002330000086650000010002086650000
000000012010926614531020071012002103296700000003302010020000000000004000000000000003471000000102491687000130000756628232155400000000000000000000008526504081020070089002330000086800000010002086800000
000000012110926614531020071012002103296700000003302010030000000000002000000000000001731000000192544196000101000776728330155400000000000000000000008527004081020070089002330000086650000010002086650000
000000012210926614531020071012002103296700000003302010030000000000006000000000000005201000000188363775000334000749728330155400000000000000000000008527804081020070089002330000086650000010002086650000
000000012310926614531020071012002103296700000003301010010000000000006600000000000004691000000183478610000122000848347890155400000000000000000000008527904081020070089002330000071000000010002071000000
000000012410926614531020071012002103296700000003302010020000000000030000000000000025991000000192779370000197000753320991155400000000000000000000008528004081020070089002330000086640000010002086640000
000000012510926614531020071012002103296700000003301010020000000000004000000000000002821000000106914398000158000753320291155400000000000000000000008528304091020070089002330000070620000010002070620000
000000012610926614531020071012002103296700000004101020010000000000002000000000000001581000000106914398000158000753320291155400000000000000000000008528304091020070089002330000079060000010002079060000
000000012710926614531020071012002103296700000004101020010000000000002000000000000001581000000104631244000123000799446931155400000000000000000000008528404091020070089002330000079060000010002079060000
000000012810926614531020071012002103296700000003301010050000000000001000000000000000731000000189688287000106000829415297155400000000000000000000008530604091020070089002330000072870000010002072870000
000000012910926614531020071012002103296700000003302010030000000000004000000000000003471000000104010746000137000814620711155400000000000000000000008531304091020070089002330000086650000010002086650000
000000013010926614531020071012002103296700000003302010020000000000006000000000000005211000000104010746000137000814620711155400000000000000000000008531404091020070089002330000086800000010002086800000
000000013110926614531020071012002103296700000003302010030000000000002000000000000001731000000104010746000137000814620711155400000000000000000000008531404091020070089002330000086650000010002086650000
000000013210926614531020071012002103296700000003301010050000000000002000000000000001461000000193976306000169000818020291155400000000000000000000008531604091020070089002330000072870000010002072870000
000000013310926614531020071012002103296700000004101020010000000000002000000000000001581000000188941125000167000814625501155400000000000000000000008531904091020070089002330000079060000010002079060000
000000013410926614531020071012002103296700000003301010050000000000000180000000000000131000000173379018000110000850747415155400000000000000000000008532304091020070089002330000072867000010002072866700
000000013510926614531020071012002103296700000004101020010000000000000180000000000000141000000173379018000110000850747415155400000000000000000000008532404091020070089002330000079000000010002079000000
000000013610926614531020071012002103296700000003301010050000000000002000000000000001461000000103483185000120000852128330155400000000000000000000008532504091020070089002330000072870000010002072870000
000000013710926614531020071012002103296700000003301010010000000000002700000000000001921000000107581063000128000639620711155400000000000000000000008532704091020070089002330000071000000010002071000000
000000013810926614531020071012002103296700000003301010010000000000002000000000000001581000000105635178000122000799446796155400000000000000000000008535204091020070089002330000078970000010002078970000
000000013910926614531020071012002103296700000003302010030000000000002000000000000001731000000190292970000109000753325993155400000000000000000000008535504091020070089002330000086650000010002086650000
000000014010926614531020071012002103296700000003301010050000000000000720000000000000521000000192661453000268000799447415155400000000000000000000008528604091020070089002330000072870000010002072870000
000000014110926614531020071012002103296700000003301010050000000000000720000000000000521000000104979039000153000818022293155400000000000000000000008536104101020070089002330000072870000010002072870000
000000014210926614531020071011001103296710362853302010020000000000049850000000000043191000000188948492000192000825820991155400000000000000000000040878604101020070089002330000086640000010002086640000
000000014310926614531020071012002103296700000003301010050000000000002000000000000001461000000188611835000129000756629301155400000000000000000000008537204101020070089002330000072870000010002072870000
000000014410926614531020071011001103296710362853302010030000000000109180000000000094601000000188948492000192000825820991155400000000000000000000040879404101020070089002330000086650000010002086650000
000000014510926614531020071012002103296700000003302010020000000000010000000000000008681000000190233826000193000756615106155400000000000000000000008537304101020070089002330000086800000010002086800000
000000014610926614531020071012002103296700000003301010010000000000006000000000000004261000000105410753000199000756647415155400000000000000000000008537604101020070089002330000071000000010002071000000
000000014710926614531020071012002103296700000003302010030000000000010000000000000008661000000108338687000181000756620711155400000000000000000000008538004101020070089002330000086650000010002086650000
000000014810926614531020071012002103296700000004101020010000000000002000000000000001581000000101913718000131000850725918155400000000000000000000008538304101020070089002330000079060000010002079060000
000000014910926614531020071012002103296700000003302010020000000000002000000000000001741000000106914398000158000753320291155400000000000000000000008539604101020070089002330000086800000010002086800000
000000015010926614531020071012002103296700000003301010010000000000000180000000000000151000000191213421000156000774818211155400000000000000000000008539804111020070089002330000085278000010002085277800
000000015110926614531020071011001103296710362853301010050000000000161050000000000116991000000188948492000192000825820991155400000000000000000000040901504111020070089002330000072640000010002072640000
000000015210926614531020071012002103296700000003302010020000000000010000000000000008661000000189515712000157000750215297155400000000000000000000008540204111020070089002330000086640000010002086640000
000000015310926614531020071012002103296700000003301010010000000000001000000000000000791000000191506550000132000751718211155400000000000000000000008540904111020070089002330000078920000010002078920000
000000015410926614531020071012002103296700000003301010020000000000002000000000000001411000000197328090000186000751720291155400000000000000000000008541004111020070089002330000070620000010002070620000
000000015510926614531020071012002103296700000003301010020000000000004000000000000002821000000107079525000103000814622293155400000000000000000000008541104111020070089002330000070620000010002070620000
000000015610926614531020071012002103296700000003302010030000000000030000000000000026001000000187288940000297000793828330155400000000000000000000008542304111020070089002330000086650000010002086650000
000000015710926614531020071012002103296700000003302010020000000000002000000000000001741000000102491687000130000756628232155400000000000000000000008542404111020070089002330000086800000010002086800000
000000015810926614531020071012002103296700000003301010010000000000003900000000000002771000000194136686000196000756647415155400000000000000000000008542604111020070089002330000071000000010002071000000
000000015910926614531020071012002103296700000003302010030000000000010000000000000008661000000104654447000488000756627104155400000000000000000000008542804111020070089002330000086650000010002086650000
000000016010926614531020071012002103296700000003301010050000000000000540000000000000391000000195791133000130000835777217155400000000000000000000008543504111020070089002330000072867000010002072866700
000000016110926614531020071012002103296700000003302010020000000000006000000000000005211000000104405220000237000756020193155400000000000000000000008544604111020070089002330000086800000010002086800000
000000016210926614531020071012002103296700000003302010020000000000010000000000000008661000000104338741000138000791820991155400000000000000000000008545204151020070089002330000086640000010002086640000
000000016310926614531020071011001103296710362853302010020000000000129830000000000112481000000188948492000192000825820991155400000000000000000000040915304151020070089002330000086640000010002086640000
000000016410926614531020071012002103296700000003301010050000000000004000000000000002911000000193976306000169000818020291155400000000000000000000008545304151020070089002330000072870000010002072870000
000000016510926614531020071011001103296710362853301010020000000000030070000000000021241000000188948492000192000825820991155400000000000000000000040916304151020070089002330000070620000010002070620000
000000016610926614531020071012002103296700000004101020010000000000002000000000000001581000000162004395006199000774818130155400000000000000000000008545404151020070089002330000079060000010002079060000
000000016710926614531020071012002103296700000004101020010000000000002000000000000001581000000106914398000158000753320291155400000000000000000000008546304151020070089002330000079060000010002079060000
000000016810926614531020071012002103296700000003301010010000000000002000000000000001581000000104010746000137000814620711155400000000000000000000008546404151020070089002330000078970000010002078970000
000000016910926614531020071012002103296700000003302010030000000000004000000000000003471000000104010746000137000814620711155400000000000000000000008546404151020070089002330000086650000010002086650000
000000017010926614531020071012002103296700000003302010030000000000002000000000000001731000000104010746000137000814620711155400000000000000000000008546804151020070089002330000086650000010002086650000
000000017110926614531020071012002103296700000003301010010000000000002000000000000001581000000191408138000180000812720614155400000000000000000000008547004151020070089002330000078970000010002078970000
000000017210926614531020071012002103296700000003301010050000000000002000000000000001461000000191408138000180000812720614155400000000000000000000008547004151020070089002330000072870000010002072870000
000000017310926614531020071012002103296700000003302010020000000000010000000000000008681000000102079656000177000751720291155400000000000000000000008548504151020070089002330000086800000010002086800000
000000017410926614531020071012002103296700000003302010030000000000002000000000000001731000000189786602000120000789328330155400000000000000000000008548704151020070089002330000086650000010002086650000
000000017510926614531020071012002103296700000004101020010000000000002000000000000001581000000193532968000140000756618113155400000000000000000000008548804151020070089002330000079060000010002079060000
000000017610926614531020071012002103296700000003302010030000000000001000000000000000871000000192752468000150000774828330155400000000000000000000008550904151020070089002330000086660000010002086660000
000000017710926614531020071012002103296700000003302010020000000000004000000000000003471000000106914398000158000753320291155400000000000000000000008552104161020070089002330000086800000010002086800000
000000017810926614531020071012002103296700000003301010050000000000000360000000000000261000000104979039000153000818022293155400000000000000000000008552204161020070089002330000072870000010002072870000
000000017910926614531020071012002103296700000003301010050000000000002000000000000001461000000188611835000129000756629301155400000000000000000000008552804161020070089002330000072870000010002072870000
000000018010926614531020071012002103296700000003301010050000000000002000000000000001461000000193785822000106000756629301155400000000000000000000008552904161020070089002330000072870000010002072870000
000000018110926614531020071012002103296700000003302010030000000000004000000000000003471000000192544196000101000776728330155400000000000000000000008553104161020070089002330000086650000010002086650000
000000018210926614531020071012002103296700000003301010050000000000002000000000000001461000000188302591000100000753315211155400000000000000000000008553204161020070089002330000072870000010002072870000
000000018310926614531020071012002103296700000003302010020000000000010000000000000008681000000192104199000116000771915297155400000000000000000000008553304161020070089002330000086800000010002086800000
000000018410926614531020071012002103296700000003302010020000000000002000000000000001741000000102491687000130000756628232155400000000000000000000008553504161020070089002330000086800000010002086800000
000000018510926614531020071012002103296700000003302010020000000000010000000000000008681000000103959238000137000756615106155400000000000000000000008553804161020070089002330000086800000010002086800000
000000018610926614531020071012002103296700000003301010050000000000000360000000000000261000000104979039000153000818022293155400000000000000000000008553904161020070089002330000072870000010002072870000
000000018710926614531020071012002103296700000004101020010000000000002000000000000001581000000180742109000133000837725993155400000000000000000000008554004161020070089002330000079060000010002079060000
000000018810926614531020071012002103296700000003301010010000000000001800000000000001281000000179410536000135000837747415155400000000000000000000008554304161020070089002330000071000000010002071000000
000000018910926614531020071012002103296700000003301010010000000000000720000000000000511000000190297383000102000774846729155400000000000000000000008557104171020070089002330000071000000010002071000000
000000019010926614531020071011001103296710362853302010030000000000059900000000000051901000000188948492000192000825820991155400000000000000000000040963104171020070089002330000086650000010002086650000
000000019110926614531020071012002103296700000004101020010000000000000360000000000000281000000190297383000102000774846729155400000000000000000000008557104171020070089002330000079000000010002079000000
000000019210926614531020071011001103296710362853301010050000000000050000000000000036281000000188948492000192000825820991155400000000000000000000040964804171020070089002330000072560000010002072560000
000000019310926614531020071012002103296700000003301010010000000000001000000000000000791000000193129062000189000774825993155400000000000000000000008557204171020070089002330000078920000010002078920000
000000019410926614531020071011001103296710362853302010020000000000049730000000000043091000000188948492000192000825820991155400000000000000000000040966704171020070089002330000086640000010002086640000
000000019510926614531020071012002103296700000003302010020000000000002000000000000001741000000102491687000130000756628232155400000000000000000000008559004171020070089002330000086800000010002086800000
000000019610926614531020071012002103296700000003301010020000000000004000000000000002821000000104083190000109000756620711155400000000000000000000008559304171020070089002330000070620000010002070620000
000000019710926614531020071012002103296700000003301010050000000000002000000000000001461000000103483185000120000852128330155400000000000000000000008559504171020070089002330000072870000010002072870000
000000019810926614531020071012002103296700000003301010010000000000002160000000000001531000000191767475000163000756646796155400000000000000000000008559704171020070089002330000071000000010002071000000
000000019910926614531020071012002103296700000003302010030000000000002000000000000001731000000190292970000109000753325993155400000000000000000000008560304171020070089002330000086650000010002086650000
000000020010926614531020071012002103296700000003301010050000000000002000000000000001461000000103705616000156000750225438155400000000000000000000008561504181020070089002330000072870000010002072870000
000000020110926614531020071012002103296700000003302010020000000000010000000000000008681000000190045865000167000791820991155400000000000000000000008561904181020070089002330000086800000010002086800000
000000020210926614531020071012002103296700000003301010010000000000000540000000000000381000000108512257000134000815147440155400000000000000000000008563004181020070089002330000071000000010002071000000
000000020310926614531020071012002103296700000003301010050000000000002000000000000001461000000188611835000129000756629301155400000000000000000000008563204181020070089002330000072870000010002072870000
000000020410926614531020071012002103296700000003301010050000000000002000000000000001461000000193899359000123000828827511155400000000000000000000008563404181020070089002330000072870000010002072870000
000000020510926614531020071012002103296700000003301010010000000000002000000000000001581000000106914398000158000753320291155400000000000000000000008563604181020070089002330000078970000010002078970000
000000020610926614531020071012002103296700000003301010010000000000003300000000000002341000000106925014000100000756647415155400000000000000000000008563804181020070089002330000071000000010002071000000
000000020710926614531020071012002103296700000003301010010000000000000180000000000000131000000102463328000170000825047415155400000000000000000000008563904181020070089002330000071000000010002071000000
000000020810926614531020071012002103296700000003301010010000000000002000000000000001581000000173321655000135000846318121155400000000000000000000008564304181020070089002330000078970000010002078970000
000000020910926614531020071012002103296700000003302010030000000000004000000000000003471000000104010746000137000814620711155400000000000000000000008565704191020070089002330000086650000010002086650000
000000021010926614531020071012002103296700000003302010020000000000010000000000000008661000000194661428000129000791820991155400000000000000000000008565904191020070089002330000086640000010002086640000
000000021110926614531020071012002103296700000003301010010000000000000540000000000000381000000194616026000102000824547423155400000000000000000000008567604191020070089002330000071000000010002071000000
000000021210926614531020071012002103296700000004101020010000000000000180000000000000141000000194616026000102000824547423155400000000000000000000008567604191020070089002330000079000000010002079000000
000000021310926614531020071012002103296700000003301010050000000000000360000000000000261000000104979039000153000818022293155400000000000000000000008567904191020070089002330000072870000010002072870000
000000021410926614531020071012002103296700000003302010020000000000010000000000000008681000000190233826000193000756615106155400000000000000000000008568304191020070089002330000086800000010002086800000
000000021510926614531020071012002103296700000003302010030000000000010000000000000008661000000104654447000305000756624512155400000000000000000000008568504191020070089002330000086650000010002086650000
000000021610926614531020071012002103296700000003301010010000000000001500000000000001071000000180464787000181000850746729155400000000000000000000008568804191020070089002330000071000000010002071000000
000000021710926614531020071012002103296700000003301010010000000000003600000000000002561000000183478610000122000848347890155400000000000000000000008569004191020070089002330000071000000010002071000000
000000021810926614531020071012002103296700000003301010050000000000002000000000000001461000000188611835000129000756629301155400000000000000000000008569904191020070089002330000072870000010002072870000
000000021910926614531020071012002103296700000003302010030000000000000300000000000000261000000192661453000268000799447415155400000000000000000000008566104191020070089002330000086650000010002086650000
000000022010926614531020071012002103296700000003302010030000000000004000000000000003471000000197275952000150000741628330155400000000000000000000008570504221020070089002330000086650000010002086650000
000000022110926614531020071012002103296700000004101020010000000000002000000000000001581000000106914398000158000753320291155400000000000000000000008572004221020070089002330000079060000010002079060000
000000022210926614531020071012002103296700000003301010050000000000002000000000000001461000000188611835000129000756629301155400000000000000000000008573704221020070089002330000072870000010002072870000
000000022310926614531020071012002103296700000003302010030000000000001000000000000000871000000100702802000143000810528330155400000000000000000000008573904221020070089002330000086660000010002086660000
000000022410926614531020071012002103296700000003301010010000000000000360000000000000261000000188636741000104000756646729155400000000000000000000008574004221020070089002330000071000000010002071000000
000000022510926614531020071012002103296700000003302010020000000000004000000000000003471000000102491687000130000756628232155400000000000000000000008574204221020070089002330000086800000010002086800000
000000022610926614531020071012002103296700000003302010030000000000008000000000000006931000000192015064000265000795324512155400000000000000000000008574404221020070089002330000086650000010002086650000
000000022710926614531020071012002103296700000003301010020000000000004000000000000002821000000107079525000103000814622293155400000000000000000000008574704221020070089002330000070620000010002070620000
000000022810926614531020071012002103296700000003301010050000000000000180000000000000131000000193519874000211000756695215155400000000000000000000008574804221020070089002330000072870000010002072870000
000000022910926614531020071012002103296700000003301010010000000000000840000000000000591000000192661453000268000799447415155400000000000000000000008572304221020070089002330000071000000010002071000000
000000023010926614531020071012002103296700000003301010050000000000000540000000000000391000000192661453000268000799447415155400000000000000000000008572304221020070089002330000072870000010002072870000
000000023110926614531020071012002103296700000003302010030000000000000540000000000000471000000192661453000268000799447415155400000000000000000000008572304221020070089002330000086650000010002086650000
000000023210926614531020071012002103296700000003301010010000000000001500000000000001061000000192661453000268000799447415155400000000000000000000008576604221020070089002330000071000000010002071000000
000000023310926614531020071012002103296700000003302010030000000000001000000000000000871000000192752468000150000774828330155400000000000000000000008576704231020070089002330000086660000010002086660000
000000023410926614531020071012002103296700000003301010050000000000003000000000000002191000000127011022000103000799426701155400000000000000000000008577604231020070089002330000072870000010002072870000
000000023510926614531020071012002103296700000003301010050000000000000900000000000000661000000187237731000133000799446729155400000000000000000000008577904231020070089002330000072870000010002072870000
000000023610926614531020071012002103296700000003301010050000000000002000000000000001461000000193126241000162000799420614155400000000000000000000008578004231020070089002330000072870000010002072870000
000000023710926614531020071012002103296700000003301010050000000000004000000000000002911000000191704981000103000742125993155400000000000000000000008578904231020070089002330000072870000010002072870000
000000023810926614531020071012002103296700000003302010030000000000002000000000000001731000000192544196000101000776728330155400000000000000000000008579104231020070089002330000086650000010002086650000
000000023910926614531020071012002103296700000003302010020000000000010000000000000008681000000192104199000116000771915297155400000000000000000000008579204231020070089002330000086800000010002086800000
000000024010926614531020071012002103296700000003302010030000000000004000000000000003471000000104010746000137000814620711155400000000000000000000008579804231020070089002330000086650000010002086650000
000000024110926614531020071012002103296700000003301010010000000000001000000000000000791000000191506550000132000751718211155400000000000000000000008579904231020070089002330000078920000010002078920000
000000024210926614531020071012002103296700000003302010020000000000004000000000000003471000000193976306000169000818020291155400000000000000000000008580004231020070089002330000086800000010002086800000
000000024310926614531020071012002103296700000003301010010000000000001320000000000000941000000107176206000116000828845412155400000000000000000000008580204231020070089002330000071000000010002071000000
000000024410926614531020071012002103296700000003302010020000000000010000000000000008681000000103959238000137000756615106155400000000000000000000008580504231020070089002330000086800000010002086800000
000000024510926614531020071012002103296700000003301010050000000000000900000000000000661000000104754028000175000850722293155400000000000000000000008580604231020070089002330000072867000010002072866700
000000024610926614531020071012002103296700000003301010050000000000002000000000000001461000000103483185000120000852128330155400000000000000000000008580704231020070089002330000072870000010002072870000
000000024710926614531020071012002103296700000003301010050000000000160000000000000116221000000189515712000580000755546842155400000000000000000000008580804231020070089002330000072640000010002072640000
000000024810926614531020071012002103296700000003302010030000000000002000000000000001731000000190292970000109000753325993155400000000000000000000008582204231020070089002330000086650000010002086650000
000000024910926614531020071012002103296700000003302010030000000000010000000000000008661000000108338687000181000756620711155400000000000000000000008582704231020070089002330000086650000010002086650000
000000025010926614531020071012002103296700000003301010020000000000006000000000000004241000000106914398000158000753320291155400000000000000000000008583404241020070089002330000070620000010002070620000
000000025110926614531020071011001103296710362853302010030000000000049620000000000043001000000188948492000192000825820991155400000000000000000000041051704241020070089002330000086650000010002086650000
000000025210926614531020071012002103296700000003302010030000000000002000000000000001731000000106914398000158000753320291155400000000000000000000008583404241020070089002330000086650000010002086650000
000000025310926614531020071011001103296710362853301010050000000000030410000000000022071000000188948492000192000825820991155400000000000000000000041052004241020070089002330000072560000010002072560000
000000025410926614531020071012002103296700000003302010080000000000002000000000000001741000000193360162000111000750220738155400000000000000000000008583604241020070089002330000086960000010002086960000
000000025510926614531020071011001103296710362853302010020000000000079510000000000068891000000188948492000192000825820991155400000000000000000000041052304241020070089002330000086640000010002086640000
000000025610926614531020071012002103296700000003302010020000000000010000000000000008661000000194661428000129000791820991155400000000000000000000008583704241020070089002330000086640000010002086640000
000000025710926614531020071012002103296700000003301010050000000000000540000000000000391000000187237731000133000799446729155400000000000000000000008584304241020070089002330000072870000010002072870000
000000025810926614531020071012002103296700000003301010050000000000002000000000000001461000000193785822000106000756629301155400000000000000000000008585604241020070089002330000072870000010002072870000
000000025910926614531020071012002103296700000003302010030000000000002000000000000001731000000191495499000100000789328330155400000000000000000000008586004241020070089002330000086650000010002086650000
000000026010926614531020071012002103296700000003302010030000000000030000000000000026001000000187288940000297000793828330155400000000000000000000008586104241020070089002330000086650000010002086650000
000000026110926614531020071012002103296700000003302010020000000000010000000000000008661000000188052642000185000774820991155400000000000000000000008586204241020070089002330000086640000010002086640000
000000026210926614531020071012002103296700000003301010050000000000000540000000000000391000000104754028000175000850722293155400000000000000000000008587604241020070089002330000072867000010002072866700
000000026310926614531020071012002103296700000003301010020000000000002000000000000001411000000197328090000186000751720291155400000000000000000000008589604251020070089002330000070620000010002070620000
000000026410926614531020071011001103296710362853302010020000000000050310000000000043591000000188948492000192000825820991155400000000000000000000041071504251020070089002330000086640000010002086640000
000000026510926614531020071012002103296700000003302010030000000000060000000000000051991000000108338687000181000756620711155400000000000000000000008590304251020070089002330000086650000010002086650000
000000026610926614531020071011001103296710362853302010030000000000109640000000000095001000000188948492000192000825820991155400000000000000000000041072004251020070089002330000086650000010002086650000
000000026710926614531020071012002103296700000003301010020000000000002000000000000001411000000191952978000109000791822293155400000000000000000000008590504251020070089002330000070620000010002070620000
000000026810926614531020071012002103296700000003301010050000000000002000000000000001461000000188611835000129000756629301155400000000000000000000008590804251020070089002330000072870000010002072870000
000000026910926614531020071012002103296700000003302010020000000000010000000000000008681000000190233826000193000756615106155400000000000000000000008591204251020070089002330000086800000010002086800000
000000027010926614531020071012002103296700000003301010010000000000001000000000000000791000000191777078000172000753346478155400000000000000000000008591304251020070089002330000078920000010002078920000
000000027110926614531020071012002103296700000003302010080000000000002000000000000001741000000102491687000130000756628232155400000000000000000000008591404251020070089002330000086960000010002086960000
000000027210926614531020071012002103296700000003302010020000000000010000000000000008661000000102491687000130000756628232155400000000000000000000008591404251020070089002330000086640000010002086640000
000000027310926614531020071012002103296700000003301010010000000000002000000000000001581000000104533318000199000743125993155400000000000000000000008591804251020070089002330000078970000010002078970000
000000027410926614531020071012002103296700000003302010030000000000010000000000000008661000000104654447000488000756627104155400000000000000000000008591904251020070089002330000086650000010002086650000
000000027510926614531020071012002103296700000003301010010000000000000900000000000000641000000107840977000166000756647130155400000000000000000000008592004251020070089002330000071000000010002071000000
000000027610926614531020071012002103296700000003302010030000000000002000000000000001731000000104405220000237000756020193155400000000000000000000008592304251020070089002330000086650000010002086650000
000000027710926614531020071012002103296700000004101020010000000000002000000000000001581000000104631244000123000799446931155400000000000000000000008594104251020070089002330000079060000010002079060000
000000027810926614531020071012002103296700000003302010020000000000004000000000000003471000000193976306000169000818020291155400000000000000000000008596204261020070089002330000086800000010002086800000
000000027910926614531020071012002103296700000003301010050000000000004000000000000002911000000188302591000100000753315211155400000000000000000000008596604261020070089002330000072870000010002072870000
000000028010926614531020071012002103296700000003301010010000000000000360000000000000261000000190552472000140000793332124155400000000000000000000008596804261020070089002330000071000000010002071000000
000000028110926614531020071012002103296700000003302010020000000000010000000000000008661000000108338687000181000756620711155400000000000000000000008598904261020070089002330000086640000010002086640000
000000028210926614531020071012002103296700000003302010030000000000010000000000000008661000000104654447000488000756627104155400000000000000000000008599304261020070089002330000086650000010002086650000
000000028310926614531020071012002103296700000003301010020000000000004000000000000002821000000107079525000103000814622293155400000000000000000000008600704291020070089002330000070620000010002070620000
000000028410926614531020071012002103296700000003301010050000000000000720000000000000521000000104979039000153000818022293155400000000000000000000008601904291020070089002330000072870000010002072870000
000000028510926614531020071012002103296700000003302010030000000000002000000000000001731000000192865674000177000756645200155400000000000000000000008603204291020070089002330000086650000010002086650000
000000028610926614531020071012002103296700000003302010030000000000002000000000000001731000000192910405000185000799431012155400000000000000000000008603304291020070089002330000086650000010002086650000
000000028710926614531020071012002103296700000003301010010000000000001200000000000000851000000190862004000171000792547415155400000000000000000000008603504291020070089002330000071000000010002071000000
000000028810926614531020071012002103296700000003301010050000000000002000000000000001461000000187296778000178000782315106155400000000000000000000008604004291020070089002330000072870000010002072870000
000000028910926614531020071012002103296700000003302010030000000000002000000000000001731000000187296778000178000782315106155400000000000000000000008604004291020070089002330000086650000010002086650000
000000029010926614531020071012002103296700000003302010030000000000002000000000000001731000000104405220000237000756020193155400000000000000000000008604204291020070089002330000086650000010002086650000
000000029110926614531020071012002103296700000003301010050000000000001000000000000000731000000188611835000803000756629204155400000000000000000000008605704291020070089002330000072870000010002072870000
000000029210926614531020071012002103296700000003302010030000000000020000000000000017331000000187288940000297000793828330155400000000000000000000008606004291020070089002330000086650000010002086650000
000000029310926614531020071012002103296700000003301010050000000000000540000000000000381000000105882674000180000753346729155400000000000000000000008606404291020070089002330000071000000010002071000000
000000029410926614531020071012002103296700000003302010020000000000010000000000000008661000000108338687000181000756620711155400000000000000000000008607204291020070089002330000086640000010002086640000
000000029510926614531020071012002103296700000003301010010000000000000600000000000000431000000192661453000268000799447415155400000000000000000000008600804291020070089002330000071000000010002071000000
000000029610926614531020071012002103296700000003302010030000000000004000000000000003471000000104010746000137000814620711155400000000000000000000008607604301020070089002330000086650000010002086650000
000000029710926614531020071012002103296700000003301010010000000000000180000000000000151000000191213421000156000774818211155400000000000000000000008608204301020070089002330000085278000010002085277800
000000029810926614531020071012002103296700000003301010050000000000002000000000000001461000000188611835000129000756629301155400000000000000000000008608704301020070089002330000072870000010002072870000
000000029910926614531020071012002103296700000003302010030000000000001000000000000000871000000192752468000150000774828330155400000000000000000000008608804301020070089002330000086660000010002086660000
000000030010926614531020071012002103296700000003302010030000000000004000000000000003471000000192544196000101000776728330155400000000000000000000008608904301020070089002330000086650000010002086650000
000000030110926614531020071012002103296700000003301010050000000000002000000000000001461000000188302591000100000753315211155400000000000000000000008609004301020070089002330000072870000010002072870000
000000030210926614531020071012002103296700000003302010020000000000010000000000000008681000000192104199000116000771915297155400000000000000000000008609104301020070089002330000086800000010002086800000
000000030310926614531020071012002103296700000003301010050000000000002000000000000001461000000102487863000160000766728232155400000000000000000000008609304301020070089002330000072870000010002072870000
000000030410926614531020071012002103296700000003301010010000000000001000000000000000791000000191506550000132000751718211155400000000000000000000008609404301020070089002330000078920000010002078920000
000000030510926614531020071012002103296700000003302010030000000000002000000000000001731000000104405220000237000756020193155400000000000000000000008609604301020070089002330000086650000010002086650000
000000030610926614531020071012002103296700000003302010020000000000100000000000000086641000000108338687000181000756620711155400000000000000000000008611704311020070089002330000086640000010002086640000
000000030710926614531020071011001103296710362853302010020000000000099640000000000086331000000188948492000192000825820991155400000000000000000000041139704311020070089002330000086640000010002086640000
000000030810926614531020071012002103296700000003302010030000000000060000000000000051991000000108338687000181000756620711155400000000000000000000008611704311020070089002330000086650000010002086650000
000000030910926614531020071011001103296710362853302010030000000000059670000000000051701000000188948492000192000825820991155400000000000000000000041140404311020070089002330000086650000010002086650000
000000031010926614531020071012002103296700000003302010020000000000050000000000000043321000000192779370000197000753320991155400000000000000000000008611804311020070089002330000086640000010002086640000
000000031110926614531020071011001103296710362853302010030000000000049970000000000043301000000188948492000192000825820991155400000000000000000000041147904311020070089002330000086650000010002086650000
000000031210926614531020071012002103296700000003301010020000000000004000000000000002821000000193976306000169000818020291155400000000000000000000008612304311020070089002330000070620000010002070620000
000000031310926614531020071011001103296710362853302010020000000000050100000000000043411000000188948492000192000825820991155400000000000000000000041148604311020070089002330000086640000010002086640000
000000031410926614531020071012002103296700000003301010050000000000000360000000000000261000000104979039000153000818022293155400000000000000000000008612404311020070089002330000072870000010002072870000
000000031510926614531020071011001103296710362853301010050000000000060480000000000043881000000188948492000192000825820991155400000000000000000000041149104311020070089002330000072560000010002072560000
000000031610926614531020071012002103296700000003301010020000000000004000000000000002821000000107079525000103000814622293155400000000000000000000008612604311020070089002330000070620000010002070620000
000000031710926614531020071012002103296700000003302010020000000000010000000000000008681000000190233826000193000756615106155400000000000000000000008614104311020070089002330000086800000010002086800000
000000031810926614531020071012002103296700000003302010020000000000006000000000000005211000000102491687000130000756628232155400000000000000000000008614304311020070089002330000086800000010002086800000
000000031910926614531020071012002103296700000003302010030000000000010000000000000008661000000102588815000169000848825438155400000000000000000000008615604311020070089002330000086650000010002086650000
000000032010926614531020071012002103296700000003301010050000000000000900000000000000661000000104754028000175000850722293155400000000000000000000008615704311020070089002330000072867000010002072866700
000000032110926614531020071012002103296700000003302010020000000000002000000000000001741000000180159171000105000838627902155400000000000000000000008615804311020070089002330000086800000010002086800000
