000000000010926614530820070000216
000000000110926614530820071012002103296700000003301010050000000000002000000000000145741000000100000000000000000000000000155400000000000000000000008287404010820070000138330000000000000010002000000000
000000000210926614530820071012002103296700000003302010030000000000001000000000000086661000000100000000000000000000000000155400000000000000000000008287504010820070000138330010616000000010002010616000
000000000310926614530820071012002103296700000003301010050000000000002000000000000145741000000100000000000000000000000000155400000000000000000000008288004010820070000138330000000000000010002000000000
000000000410926614530820071012002103296700000003302010030000000000001000000000000086661000000100000000000000000000000000155400000000000000000000008288104010820070000138330010616000000010002010616000
000000000510926614530820071012002103296700000003302010020000000000010000000000000868001000000100000000000000000000000000155400000000000000000000008288404010820070000138330921300000000010002921300000
000000000610926614530820071012002103296700000003302010030000000000002000000000000173301000000100000000000000000000000000155400000000000000000000008288604010820070000138330010616000000010002010616000
000000000710926614530820071012002103296700000003302010020000000000010000000000000868001000000100000000000000000000000000155400000000000000000000008288704010820070000138330921300000000010002921300000
000000000810926614530820071012002103296700000003302010030000000000010000000000000866501000000100000000000000000000000000155400000000000000000000008288904010820070000138330010616000000010002010616000
000000000910926614530820071012002103296700000003301010010000000000000540000000000038341000000100000000000000000000000000155400000000000000000000008289104010820070000138330000000000000010002000000000
000000001010926614530820071012002103296700000003301010010000000000000600000000000042601000000100000000000000000000000000155400000000000000000000008289104010820070000138330000000000000010002000000000
000000001110926614530820071012002103296700000003302010020000000000004000000000000347201000000100000000000000000000000000155400000000000000000000008290604010820070000138330921300000000010002921300000
000000001210926614530820071012002103296700000003302010020000000000010000000000000868001000000100000000000000000000000000155400000000000000000000008291004020820070000138330921300000000010002921300000
000000001310926614530820071012002103296700000003301010010000000000001000000000000078921000000100000000000000000000000000155400000000000000000000008291104020820070000138330000000000000010002000000000
000000001410926614530820071012002103296700000003301010050000000000000720000000000052471000000100000000000000000000000000155400000000000000000000008291204020820070000138330000000000000010002000000000
000000001510926614530820071012002103296700000003301010010000000000002000000000000157941000000100000000000000000000000000155400000000000000000000008292904020820070000138330000000000000010002000000000
000000001610926614530820071012002103296700000003302010030000000000010000000000000866501000000100000000000000000000000000155400000000000000000000008293704020820070000138330010616000000010002010616000
000000001710926614530820071012002103296700000003302010020000000000002000000000000173601000000100000000000000000000000000155400000000000000000000008293804020820070000138330921300000000010002921300000
000000001810926614530820071012002103296700000003302010030000000000008000000000000693201000000100000000000000000000000000155400000000000000000000008295304020820070000138330010616000000010002010616000
000000001910926614530820071012002103296700000003301010050000000000000180000000000013121000000100000000000000000000000000155400000000000000000000008296804030820070000138330000000000000010002000000000
000000002010926614530820071012002103296700000003301010050000000000002000000000000145741000000100000000000000000000000000155400000000000000000000008296904030820070000138330000000000000010002000000000
000000002110926614530820071012002103296700000003301010010000000000002000000000000157941000000100000000000000000000000000155400000000000000000000008297304030820070000138330000000000000010002000000000
000000002210926614530820071012002103296700000003301010050000000000002000000000000145741000000100000000000000000000000000155400000000000000000000008297804030820070000138330000000000000010002000000000
000000002310926614530820071012002103296700000003302010020000000000010000000000000868001000000100000000000000000000000000155400000000000000000000008298404030820070000138330921300000000010002921300000
000000002410926614530820071012002103296700000003302010030000000000020000000000001733001000000100000000000000000000000000155400000000000000000000008298404030820070000138330010616000000010002010616000
000000002510926614530820071012002103296700000003302010030000000000002000000000000173301000000100000000000000000000000000155400000000000000000000008299704030820070000138330010616000000010002010616000
000000002610926614530820071012002103296700000003302010020000000000004000000000000347201000000100000000000000000000000000155400000000000000000000008300604060820070000138330921300000000010002921300000
000000002710926614530820071011001103296710331824101020010000000000050000000000003953001000000100005034274233000753246842155400000000000000000000012595405060820070000138330000000000000010002000000000
000000002810926614530820071012002103296700000003302010030000000000001000000000000086661000000100000000000000000000000000155400000000000000000000008300504060820070000138330010616000000010002010616000
000000002910926614530820071011001103296710331823301010010000000000050000000000003923501000000100005034274233000753246842155400000000000000000000012595305060820070000138330000000000000010002000000000
000000003010926614530820071012002103296700000003302010020000000000010000000000000868001000000100000000000000000000000000155400000000000000000000008304204060820070000138330921300000000010002921300000
000000003110926614530820071012002103296700000003302010020000000000010000000000000868001000000100000000000000000000000000155400000000000000000000008302204060820070000138330921300000000010002921300000
000000003210926614530820071012002103296700000003302010020000000000002000000000000173601000000100000000000000000000000000155400000000000000000000008302304060820070000138330921300000000010002921300000
000000003310926614530820071012002103296700000003302010020000000000010000000000000868001000000100000000000000000000000000155400000000000000000000008305204070820070000138330921300000000010002921300000
000000003410926614530820071012002103296700000003302010020000000000002000000000000173601000000100000000000000000000000000155400000000000000000000008305304070820070000138330921300000000010002921300000
000000003510926614530820071012002103296700000003302010030000000000004000000000000346601000000100000000000000000000000000155400000000000000000000008305304070820070000138330010616000000010002010616000
000000003610926614530820071012002103296700000003301010050000000000002000000000000145741000000100000000000000000000000000155400000000000000000000008305604070820070000138330000000000000010002000000000
000000003710926614530820071012002103296700000003301010050000000000000360000000000026231000000100000000000000000000000000155400000000000000000000008305804070820070000138330000000000000010002000000000
000000003810926614530820071012002103296700000003302010030000000000002000000000000173301000000100000000000000000000000000155400000000000000000000008306004070820070000138330010616000000010002010616000
000000003910926614530820071012002103296700000004101020010000000000002000000000000158121000000100000000000000000000000000155400000000000000000000008307304070820070000138330000000000000010002000000000
000000004010926614530820071012002103296700000003302010030000000000020000000000001733001000000100000000000000000000000000155400000000000000000000008308604070820070000138330010616000000010002010616000
000000004110926614530820071012002103296700000003301010050000000000002000000000000145741000000100000000000000000000000000155400000000000000000000008308904070820070000138330000000000000010002000000000
000000004210926614530820071012002103296700000003302010030000000000001000000000000086661000000100000000000000000000000000155400000000000000000000008309404070820070000138330010616000000010002010616000
000000004310926614530820071012002103296700000003302010020000000000004000000000000347201000000100000000000000000000000000155400000000000000000000008310404070820070000138330921300000000010002921300000
000000004410926614530820071012002103296700000003301010010000000000001500000000000106501000000100000000000000000000000000155400000000000000000000008310504070820070000138330000000000000010002000000000
000000004510926614530820071012002103296700000003301010010000000000000540000000000038341000000100000000000000000000000000155400000000000000000000008310504070820070000138330000000000000010002000000000
000000004610926614530820071012002103296700000004101020010000000000001000000000000079061000000100000000000000000000000000155400000000000000000000008311004080820070000138330000000000000010002000000000
000000004710926614530820071011001103296710362853302010030000000000070410000000006101031000000100000088948492000825624295155400000000000000000000040170904080820070000138330010616000000010002010616000
000000004810926614530820071012002103296700000003302010080000000000002000000000000173921000000100000000000000000000000000155400000000000000000000008311204080820070000138330000000000000010002000000000
000000004910926614530820071011001103296710362853301010050000000000031000000000002249361000000100000088948492000825624295155400000000000000000000040170604080820070000138330000000000000010002000000000
000000005010926614530820071012002103296700000003301010050000000000004000000000000291481000000100000000000000000000000000155400000000000000000000008311304080820070000138330000000000000010002000000000
000000005110926614530820071011001103296710362853302010020000000000100750000000008728981000000100000088948492000825624295155400000000000000000000040171004080820070000138330921300000000010002921300000
000000005210926614530820071012002103296700000003301010050000000000001000000000000072871000000100000000000000000000000000155400000000000000000000008312704080820070000138330000000000000010002000000000
000000005310926614530820071012002103296700000003302010030000000000002000000000000173301000000100000000000000000000000000155400000000000000000000008314804080820070000138330010616000000010002010616000
000000005410926614530820071012002103296700000003302010030000000000020000000000001733001000000100000000000000000000000000155400000000000000000000008314904080820070000138330010616000000010002010616000
000000005510926614530820071012002103296700000003301010050000000000002000000000000145741000000100000000000000000000000000155400000000000000000000008313104080820070000138330000000000000010002000000000
000000005610926614530820071012002103296700000003301010010000000000010000000000000789701000000100000000000000000000000000155400000000000000000000008313704080820070000138330000000000000010002000000000
000000005710926614530820071012002103296700000003301010050000000000000900000000000065581000000100000000000000000000000000155400000000000000000000008314004080820070000138330000000000000010002000000000
000000005810926614530820071012002103296700000003302010030000000000006000000000000519901000000100000000000000000000000000155400000000000000000000008315304080820070000138330010616000000010002010616000
000000005910926614530820071012002103296700000003302010030000000000010000000000000866501000000100000000000000000000000000155400000000000000000000008315804080820070000138330010616000000010002010616000
000000006010926614530820071012002103296700000003301010010000000000000180000000000015351000000100000000000000000000000000155400000000000000000000008316004090820070000138330000000000000010002000000000
000000006110926614530820071012002103296700000004101020010000000000002000000000000158121000000100000000000000000000000000155400000000000000000000008317204090820070000138330000000000000010002000000000
000000006210926614530820071012002103296700000003301010010000000000002000000000000157941000000100000000000000000000000000155400000000000000000000008317204090820070000138330000000000000010002000000000
000000006310926614530820071012002103296700000003301010050000000000001000000000000072871000000100000000000000000000000000155400000000000000000000008317204090820070000138330000000000000010002000000000
000000006410926614530820071012002103296700000003301010010000000000002000000000000157941000000100000000000000000000000000155400000000000000000000008317404090820070000138330000000000000010002000000000
000000006510926614530820071012002103296700000003301010050000000000002000000000000145741000000100000000000000000000000000155400000000000000000000008317904090820070000138330000000000000010002000000000
000000006610926614530820071012002103296700000003302010020000000000010000000000000868001000000100000000000000000000000000155400000000000000000000008318304090820070000138330921300000000010002921300000
000000006710926614530820071012002103296700000003302010020000000000006000000000000520801000000100000000000000000000000000155400000000000000000000008319404090820070000138330921300000000010002921300000
000000006810926614530820071012002103296700000004101020010000000000000180000000000014221000000100000000000000000000000000155400000000000000000000008321004100820070000138330000000000000010002000000000
000000006910926614530820071012002103296700000003301010010000000000000360000000000025561000000100000000000000000000000000155400000000000000000000008321004100820070000138330000000000000010002000000000
000000007010926614530820071012002103296700000003301010010000000000004000000000000315881000000100000000000000000000000000155400000000000000000000008320304100820070000138330000000000000010002000000000
000000007110926614530820071012002103296700000003301010050000000000000540000000000039351000000100000000000000000000000000155400000000000000000000008320404100820070000138330000000000000010002000000000
000000007210926614530820071012002103296700000004101020010000000000004000000000000316241000000100000000000000000000000000155400000000000000000000008321304100820070000138330000000000000010002000000000
000000007310926614530820071012002103296700000003301010050000000000002000000000000145741000000100000000000000000000000000155400000000000000000000008321604100820070000138330000000000000010002000000000
000000007410926614530820071012002103296700000003301010010000000000002000000000000157941000000100000000000000000000000000155400000000000000000000008322004100820070000138330000000000000010002000000000
000000007510926614530820071012002103296700000003301010050000000000002000000000000145741000000100000000000000000000000000155400000000000000000000008323104100820070000138330000000000000010002000000000
000000007610926614530820071012002103296700000003302010030000000000004000000000000346601000000100000000000000000000000000155400000000000000000000008324704130820070000138330010616000000010002010616000
000000007710926614530820071012002103296700000003301010010000000000001000000000000078921000000100000000000000000000000000155400000000000000000000008324804130820070000138330000000000000010002000000000
000000007810926614530820071012002103296700000003301010050000000000000540000000000039351000000100000000000000000000000000155400000000000000000000008325004130820070000138330000000000000010002000000000
000000007910926614530820071012002103296700000003302010030000000000002000000000000173301000000100000000000000000000000000155400000000000000000000008325704130820070000138330010616000000010002010616000
000000008010926614530820071012002103296700000003301010010000000000000360000000000025561000000100000000000000000000000000155400000000000000000000008326004130820070000138330000000000000010002000000000
000000008110926614530820071012002103296700000003301010010000000000000540000000000038341000000100000000000000000000000000155400000000000000000000008326204130820070000138330000000000000010002000000000
000000008210926614530820071012002103296700000004101020010000000000000180000000000014221000000100000000000000000000000000155400000000000000000000008326204130820070000138330000000000000010002000000000
000000008310926614530820071012002103296700000003302010030000000000004000000000000346601000000100000000000000000000000000155400000000000000000000008326504130820070000138330010616000000010002010616000
000000008410926614530820071012002103296700000003301010010000000000000600000000000042601000000100000000000000000000000000155400000000000000000000008327104130820070000138330000000000000010002000000000
000000008510926614530820071012002103296700000003301010010000000000000180000000000012781000000100000000000000000000000000155400000000000000000000008327104130820070000138330000000000000010002000000000
000000008610926614530820071012002103296700000004101020010000000000000180000000000014221000000100000000000000000000000000155400000000000000000000008327304130820070000138330000000000000010002000000000
000000008710926614530820071012002103296700000003301010010000000000000180000000000012781000000100000000000000000000000000155400000000000000000000008327304130820070000138330000000000000010002000000000
000000008810926614530820071012002103296700000003301010050000000000000010000000000000661000000100000000000000000000000000155400000000000000000000008327304130820070000138330000000000000010002000000000
000000008910926614530820071012002103296700000003301010050000000000000180000000000013121000000100000000000000000000000000155400000000000000000000008328304130820070000138330000000000000010002000000000
000000009010926614530820071012002103296700000004101020010000000000002000000000000158121000000100000000000000000000000000155400000000000000000000008328404130820070000138330000000000000010002000000000
000000009110926614530820071012002103296700000003302010030000000000002000000000000173301000000100000000000000000000000000155400000000000000000000008328804140820070000138330010616000000010002010616000
000000009210926614530820071011001103296710362853302010030000000000069720000000006041241000000100000088948492000825624295155400000000000000000000040239704140820070000138330010616000000010002010616000
000000009310926614530820071012002103296700000003301010050000000000002000000000000145741000000100000000000000000000000000155400000000000000000000008329104140820070000138330000000000000010002000000000
000000009410926614530820071011001103296710362853301010050000000000030550000000002216711000000100000088948492000825624295155400000000000000000000040238104140820070000138330000000000000010002000000000
000000009510926614530820071012002103296700000003301010050000000000002000000000000145741000000100000000000000000000000000155400000000000000000000008331404140820070000138330000000000000010002000000000
000000009610926614530820071011001103296710362853302010020000000000100050000000008668331000000100000088948492000825624295155400000000000000000000040237804140820070000138330921300000000010002921300000
000000009710926614530820071012002103296700000003302010020000000000010000000000000868001000000100000000000000000000000000155400000000000000000000008333804140820070000138330921300000000010002921300000
000000009810926614530820071012002103296700000003302010030000000000004000000000000346601000000100000000000000000000000000155400000000000000000000008332104140820070000138330010616000000010002010616000
000000009910926614530820071012002103296700000003301010050000000000001000000000000072871000000100000000000000000000000000155400000000000000000000008331304140820070000138330000000000000010002000000000
000000010010926614530820071012002103296700000003302010020000000000002000000000000173601000000100000000000000000000000000155400000000000000000000008333404140820070000138330921300000000010002921300000
000000010110926614530820071012002103296700000003301010050000000000000720000000000052471000000100000000000000000000000000155400000000000000000000008334504150820070000138330000000000000010002000000000
000000010210926614530820071012002103296700000003301010050000000000002000000000000145741000000100000000000000000000000000155400000000000000000000008335004150820070000138330000000000000010002000000000
000000010310926614530820071012002103296700000003302010030000000000020000000000001733001000000100000000000000000000000000155400000000000000000000008336004150820070000138330010616000000010002010616000
000000010410926614530820071012002103296700000003302010030000000000010000000000000866501000000100000000000000000000000000155400000000000000000000008338004150820070000138330010616000000010002010616000
000000010510926614530820071012002103296700000003301010010000000000000180000000000012781000000100000000000000000000000000155400000000000000000000008338104150820070000138330000000000000010002000000000
000000010610926614530820071012002103296700000003301010010000000000000600000000000042601000000100000000000000000000000000155400000000000000000000008338104150820070000138330000000000000010002000000000
000000010710926614530820071012002103296700000004101020010000000000002000000000000158121000000100000000000000000000000000155400000000000000000000008340004150820070000138330000000000000010002000000000
000000010810926614530820071012002103296700000003301010050000000000000540000000000039351000000100000000000000000000000000155400000000000000000000008342804160820070000138330000000000000010002000000000
000000010910926614530820071012002103296700000003302010030000000000002000000000000173301000000100000000000000000000000000155400000000000000000000008343104160820070000138330010616000000010002010616000
000000011010926614530820071012002103296700000003302010020000000000002000000000000173601000000100000000000000000000000000155400000000000000000000008343904160820070000138330921300000000010002921300000
000000011110926614530820071012002103296700000003301010010000000000000720000000000061401000000100000000000000000000000000155400000000000000000000008344004160820070000138330000000000000010002000000000
000000011210926614530820071012002103296700000003301010050000000000001000000000000072871000000100000000000000000000000000155400000000000000000000008344204160820070000138330000000000000010002000000000
000000011310926614530820071012002103296700000003302010030000000000004000000000000346601000000100000000000000000000000000155400000000000000000000008344404160820070000138330010616000000010002010616000
000000011410926614530820071012002103296700000003302010020000000000004000000000000347201000000100000000000000000000000000155400000000000000000000008344404160820070000138330921300000000010002921300000
000000011510926614530820071012002103296700000003301010010000000000004500000000000319501000000100000000000000000000000000155400000000000000000000008345004160820070000138330000000000000010002000000000
000000011610926614530820071012002103296700000003301010010000000000000180000000000012781000000100000000000000000000000000155400000000000000000000008346604170820070000138330000000000000010002000000000
000000011710926614530820071011001103296710362853302010030000000000110810000000009601691000000100000088948492000825624295155400000000000000000000040299904170820070000138330010616000000010002010616000
000000011810926614530820071012002103296700000004101020010000000000000180000000000014221000000100000000000000000000000000155400000000000000000000008346604170820070000138330000000000000010002000000000
000000011910926614530820071011001103296710362853301010050000000000050650000000003675161000000100000088948492000825624295155400000000000000000000040289904170820070000138330000000000000010002000000000
000000012010926614530820071012002103296700000003302010020000000000002000000000000173601000000100000000000000000000000000155400000000000000000000008345404170820070000138330921300000000010002921300000
000000012110926614530820071012002103296700000003302010030000000000002000000000000173301000000100000000000000000000000000155400000000000000000000008345504170820070000138330010616000000010002010616000
000000012210926614530820071012002103296700000003302010020000000000002000000000000173601000000100000000000000000000000000155400000000000000000000008345504170820070000138330921300000000010002921300000
000000012310926614530820071012002103296700000003302010020000000000002000000000000173601000000100000000000000000000000000155400000000000000000000008346804170820070000138330921300000000010002921300000
000000012410926614530820071012002103296700000003301010050000000000004000000000000291481000000100000000000000000000000000155400000000000000000000008347104170820070000138330000000000000010002000000000
000000012510926614530820071012002103296700000003302010030000000000010000000000000866501000000100000000000000000000000000155400000000000000000000008348604170820070000138330010616000000010002010616000
000000012610926614530820071012002103296700000003301010050000000000002000000000000145741000000100000000000000000000000000155400000000000000000000008349104170820070000138330000000000000010002000000000
000000012710926614530820071012002103296700000003302010030000000000001000000000000086661000000100000000000000000000000000155400000000000000000000008350004200820070000138330010616000000010002010616000
000000012810926614530820071012002103296700000003301010010000000000000180000000000012781000000100000000000000000000000000155400000000000000000000008350204200820070000138330000000000000010002000000000
000000012910926614530820071012002103296700000004101020010000000000000540000000000042661000000100000000000000000000000000155400000000000000000000008350204200820070000138330000000000000010002000000000
000000013010926614530820071012002103296700000003301010050000000000000540000000000038341000000100000000000000000000000000155400000000000000000000008350204200820070000138330000000000000010002000000000
000000013110926614530820071012002103296700000004101020010000000000002000000000000158121000000100000000000000000000000000155400000000000000000000008350904200820070000138330000000000000010002000000000
000000013210926614530820071012002103296700000003302010030000000000002000000000000173321000000100000000000000000000000000155400000000000000000000008351104200820070000138330010616000000010002010616000
000000013310926614530820071012002103296700000003302010020000000000002000000000000173601000000100000000000000000000000000155400000000000000000000008353804200820070000138330921300000000010002921300000
000000013410926614530820071012002103296700000003302010030000000000002000000000000173301000000100000000000000000000000000155400000000000000000000008352204200820070000138330010616000000010002010616000
000000013510926614530820071012002103296700000003302010030000000000001000000000000086661000000100000000000000000000000000155400000000000000000000008352504200820070000138330010616000000010002010616000
000000013610926614530820071012002103296700000003302010020000000000010000000000000868001000000100000000000000000000000000155400000000000000000000008354204200820070000138330921300000000010002921300000
000000013710926614530820071012002103296700000003301010010000000000001000000000000078921000000100000000000000000000000000155400000000000000000000008354604210820070000138330000000000000010002000000000
000000013810926614530820071012002103296700000003302010020000000000002000000000000173601000000100000000000000000000000000155400000000000000000000008355004210820070000138330921300000000010002921300000
000000013910926614530820071012002103296700000003302010030000000000002000000000000173301000000100000000000000000000000000155400000000000000000000008355004210820070000138330010616000000010002010616000
000000014010926614530820071012002103296700000003301010050000000000000540000000000039351000000100000000000000000000000000155400000000000000000000008355504210820070000138330000000000000010002000000000
000000014110926614530820071012002103296700000003302010030000000000020000000000001733001000000100000000000000000000000000155400000000000000000000008356704210820070000138330010616000000010002010616000
000000014210926614530820071012002103296700000003301010010000000000000360000000000025561000000100000000000000000000000000155400000000000000000000008356804210820070000138330000000000000010002000000000
000000014310926614530820071012002103296700000003302010030000000000004000000000000346601000000100000000000000000000000000155400000000000000000000008358404210820070000138330010616000000010002010616000
000000014410926614530820071012002103296700000003302010020000000000004000000000000347201000000100000000000000000000000000155400000000000000000000008358404210820070000138330921300000000010002921300000
000000014510926614530820071012002103296700000003301010010000000000001000000000000078921000000100000000000000000000000000155400000000000000000000008361004220820070000138330000000000000010002000000000
000000014610926614530820071012002103296700000003301010050000000000002000000000000145741000000100000000000000000000000000155400000000000000000000008360604220820070000138330000000000000010002000000000
000000014710926614530820071012002103296700000003301010050000000000002000000000000145741000000100000000000000000000000000155400000000000000000000008359404220820070000138330000000000000010002000000000
000000014810926614530820071012002103296700000003301010010000000000000600000000000042601000000100000000000000000000000000155400000000000000000000008359304220820070000138330000000000000010002000000000
000000014910926614530820071012002103296700000004101020010000000000002400000000000189741000000100000000000000000000000000155400000000000000000000008359104220820070000138330000000000000010002000000000
000000015010926614530820071012002103296700000003301010050000000000003200000000000233181000000100000000000000000000000000155400000000000000000000008359004220820070000138330000000000000010002000000000
000000015110926614530820071012002103296700000003302010020000000000002000000000000173601000000100000000000000000000000000155400000000000000000000008367404230820070000138330921300000000010002921300000
000000015210926614530820071012002103296700000003302010020000000000020000000000001732801000000100000000000000000000000000155400000000000000000000008366604230820070000138330921300000000010002921300000
000000015310926614530820071012002103296700000003302010030000000000010000000000000866501000000100000000000000000000000000155400000000000000000000008366504230820070000138330010616000000010002010616000
000000015410926614530820071012002103296700000003302010030000000000010000000000000866501000000100000000000000000000000000155400000000000000000000008365404230820070000138330010616000000010002010616000
000000015510926614530820071012002103296700000003302010030000000000002000000000000173301000000100000000000000000000000000155400000000000000000000008364804230820070000138330010616000000010002010616000
000000015610926614530820071012002103296700000004101020010000000000000180000000000014221000000100000000000000000000000000155400000000000000000000008372704240820070000138330000000000000010002000000000
000000015710926614530820071011001103296710362853302010030000000000050100000000004341161000000100000088948492000825624295155400000000000000000000040386404240820070000138330010616000000010002010616000
000000015810926614530820071012002103296700000003301010010000000000000180000000000012781000000100000000000000000000000000155400000000000000000000008372704240820070000138330000000000000010002000000000
000000015910926614530820071011001103296710362853302010020000000000080550000000006978851000000100000088948492000825624295155400000000000000000000040385104240820070000138330921300000000010002921300000
000000016010926614530820071012002103296700000003301010010000000000001080000000000076681000000100000000000000000000000000155400000000000000000000008372604240820070000138330000000000000010002000000000
000000016110926614530820071011001103296710362853301010050000000000030690000000002229321000000100000088948492000825624295155400000000000000000000040386504240820070000138330000000000000010002000000000
000000016210926614530820071012002103296700000004101020010000000000001080000000000085321000000100000000000000000000000000155400000000000000000000008372604240820070000138330000000000000010002000000000
000000016310926614530820071012002103296700000003301010010000000000000360000000000025561000000100000000000000000000000000155400000000000000000000008372504240820070000138330000000000000010002000000000
000000016410926614530820071012002103296700000004101020010000000000000360000000000028441000000100000000000000000000000000155400000000000000000000008372504240820070000138330000000000000010002000000000
000000016510926614530820071012002103296700000003301010050000000000000900000000000065581000000100000000000000000000000000155400000000000000000000008371704240820070000138330000000000000010002000000000
000000016610926614530820071012002103296700000003301010050000000000002000000000000145741000000100000000000000000000000000155400000000000000000000008370604240820070000138330000000000000010002000000000
000000016710926614530820071012002103296700000003301010050000000000000540000000000039351000000100000000000000000000000000155400000000000000000000008368504240820070000138330000000000000010002000000000
000000016810926614530820071012002103296700000003302010030000000000006000000000000519901000000100000000000000000000000000155400000000000000000000008378404270820070000138330010616000000010002010616000
000000016910926614530820071012002103296700000003302010020000000000010000000000000868001000000100000000000000000000000000155400000000000000000000008378304270820070000138330921300000000010002921300000
000000017010926614530820071012002103296700000003302010020000000000004000000000000347201000000100000000000000000000000000155400000000000000000000008377604270820070000138330921300000000010002921300000
000000017110926614530820071012002103296700000003302010080000000000020000000000001739201000000100000000000000000000000000155400000000000000000000008374704270820070000138330000000000000010002000000000
000000017210926614530820071012002103296700000003302010020000000000010000000000000868001000000100000000000000000000000000155400000000000000000000008373504270820070000138330921300000000010002921300000
000000017310926614530820071012002103296700000003302010020000000000004000000000000347201000000100000000000000000000000000155400000000000000000000008384704280820070000138330921300000000010002921300000
000000017410926614530820071012002103296700000003302010020000000000010000000000000868001000000100000000000000000000000000155400000000000000000000008382504280820070000138330921300000000010002921300000
000000017510926614530820071012002103296700000003302010020000000000010000000000000868001000000100000000000000000000000000155400000000000000000000008382404280820070000138330921300000000010002921300000
000000017610926614530820071012002103296700000003302010030000000000001000000000000086661000000100000000000000000000000000155400000000000000000000008382304280820070000138330010616000000010002010616000
000000017710926614530820071012002103296700000003301010050000000000004000000000000291481000000100000000000000000000000000155400000000000000000000008382004280820070000138330000000000000010002000000000
000000017810926614530820071012002103296700000003301010050000000000000540000000000039351000000100000000000000000000000000155400000000000000000000008381804280820070000138330000000000000010002000000000
000000017910926614530820071012002103296700000004101020010000000000002000000000000158121000000100000000000000000000000000155400000000000000000000008381604280820070000138330000000000000010002000000000
000000018010926614530820071012002103296700000003302010030000000000002000000000000173301000000100000000000000000000000000155400000000000000000000008381304280820070000138330010616000000010002010616000
000000018110926614530820071012002103296700000003302010020000000000008000000000000694401000000100000000000000000000000000155400000000000000000000008381204280820070000138330921300000000010002921300000
000000018210926614530820071012002103296700000003301010050000000000002000000000000145741000000100000000000000000000000000155400000000000000000000008381004280820070000138330000000000000010002000000000
000000018310926614530820071012002103296700000003301010010000000000000360000000000025561000000100000000000000000000000000155400000000000000000000008380804280820070000138330000000000000010002000000000
000000018410926614530820071012002103296700000003301010010000000000000300000000000021301000000100000000000000000000000000155400000000000000000000008380804280820070000138330000000000000010002000000000
000000018510926614530820071012002103296700000003301010050000000000002000000000000145741000000100000000000000000000000000155400000000000000000000008379904280820070000138330000000000000010002000000000
000000018610926614530820071012002103296700000003301010010000000000004000000000000315881000000100000000000000000000000000155400000000000000000000008379704280820070000138330000000000000010002000000000
000000018710926614530820071012002103296700000003302010030000000000010000000000000866501000000100000000000000000000000000155400000000000000000000008387604290820070000138330010616000000010002010616000
000000018810926614530820071011001103296710362853301010050000000000050370000000003654851000000100000088948492000825624295155400000000000000000000040433004290820070000138330000000000000010002000000000
000000018910926614530820071012002103296700000003301010010000000000000180000000000012781000000100000000000000000000000000155400000000000000000000008387404290820070000138330000000000000010002000000000
000000019010926614530820071011001103296710362853302010020000000000080320000000006958921000000100000088948492000825624295155400000000000000000000040433804290820070000138330921300000000010002921300000
000000019110926614530820071012002103296700000003301010010000000000000900000000000063901000000100000000000000000000000000155400000000000000000000008387404290820070000138330000000000000010002000000000
000000019210926614530820071011001103296710362853302010080000000000030350000000002633471000000100000088948492000825624295155400000000000000000000040433504290820070000138330000000000000010002000000000
000000019310926614530820071012002103296700000003302010020000000000020000000000000260001000000100000000000000000000000000155400000000000000000000008387304290820070000138330921300000000010002921300000
000000019410926614530820071011001103296710331823301010010000000000050000000000003923501000000100005034274233000753246842155400000000000000000000013701705290820070000138330000000000000010002000000000
000000019510926614530820071012002103296700000003301010050000000000002000000000000145741000000100000000000000000000000000155400000000000000000000008387004290820070000138330000000000000010002000000000
000000019610926614530820071012002103296700000003301010010000000000000360000000000025561000000100000000000000000000000000155400000000000000000000008386904290820070000138330000000000000010002000000000
000000019710926614530820071012002103296700000003301010010000000000001200000000000085201000000100000000000000000000000000155400000000000000000000008386904290820070000138330000000000000010002000000000
000000019810926614530820071012002103296700000003301010010000000000030000000000002354101000000100000000000000000000000000155400000000000000000000008386404290820070000138330000000000000010002000000000
000000019910926614530820071012002103296700000003302010020000000000010000000000000868001000000100000000000000000000000000155400000000000000000000008385204290820070000138330921300000000010002921300000
000000020010926614530820071012002103296700000003301010010000000000004000000000000315881000000100000000000000000000000000155400000000000000000000008385004290820070000138330000000000000010002000000000
000000020110926614530820071012002103296700000003301010050000000000000180000000000013121000000100000000000000000000000000155400000000000000000000008391604300820070000138330000000000000010002000000000
000000020210926614530820071012002103296700000003301010050000000000000360000000000026231000000100000000000000000000000000155400000000000000000000008391504300820070000138330000000000000010002000000000
000000020310926614530820071012002103296700000003301010050000000000000360000000000026231000000100000000000000000000000000155400000000000000000000008391404300820070000138330000000000000010002000000000
000000020410926614530820071012002103296700000003301010010000000000002000000000000157941000000100000000000000000000000000155400000000000000000000008391304300820070000138330000000000000010002000000000
000000020510926614530820071012002103296700000003301010010000000000000180000000000012781000000100000000000000000000000000155400000000000000000000008391304300820070000138330000000000000010002000000000
000000020610926614530820071012002103296700000003301010050000000000002000000000000145741000000100000000000000000000000000155400000000000000000000008391004300820070000138330000000000000010002000000000
000000020710926614530820071012002103296700000003302010020000000000008000000000000694401000000100000000000000000000000000155400000000000000000000008390904300820070000138330921300000000010002921300000
000000020810926614530820071012002103296700000003301010050000000000000900000000000065581000000100000000000000000000000000155400000000000000000000008396404310820070000138330000000000000010002000000000
000000020910926614530820071012002103296700000003301010010000000000001800000000000127801000000100000000000000000000000000155400000000000000000000008395704310820070000138330000000000000010002000000000
000000021010926614530820071012002103296700000003301010010000000000001200000000000085201000000100000000000000000000000000155400000000000000000000008395704310820070000138330000000000000010002000000000
000000021110926614530820071012002103296700000003302010030000000000001000000000000086651000000100000000000000000000000000155400000000000000000000008395504310820070000138330010616000000010002010616000
000000021210926614530820071012002103296700000003301010050000000000002000000000000145741000000100000000000000000000000000155400000000000000000000008395304310820070000138330000000000000010002000000000
000000021310926614530820071012002103296700000003301010010000000000000360000000000025561000000100000000000000000000000000155400000000000000000000008394704310820070000138330000000000000010002000000000
000000021410926614530820071012002103296700000003302010030000000000004000000000000346601000000100000000000000000000000000155400000000000000000000008393704310820070000138330010616000000010002010616000
000000021510926614530820071012002103296700000003302010020000000000004000000000000347201000000100000000000000000000000000155400000000000000000000008393704310820070000138330921300000000010002921300000
