000000000010926614531220070000261
000000000110926614531220073010003103296700000003302010020000000000058220000000000036481000000100000000000000000000000000155400000000000000000000000000000011220070089002330000110000000010002110000000
000000000210926614531220073020003103296700000003302010020000000000139090000000000106591000000100000000000000000000000000155400000000000000000000000000000311220070089002330000110000000010002110000000
000000000310926614531220074011998103296700000003302010020000000000493950000000000427961000000100000000000000000000000000155400000000000000000000000000000311220070089002330000086640000010002086640000
000000000410926614531220071011998103296700000003302010020000000000493950000000000427961000000100000000000000000000000000155400000000000000000000000000000311220070089002330000086640000010002086640000
000000000510926614531220074012998103296700000003302010020000000000413080000000000357851000000100000000000000000000000000155400000000000000000000000000000311220070089002330000086640000010002086640000
000000000610926614531220071012998103296700000003302010020000000000144000000000000124961000000100000000000000000000000000155400000000000000000000000000000311220070089002330000086640000010002086640000
000000000710926614531220071022003103296700000003302010020000000000269080000000000232891000000100000000000000000000000000155400000000000000000000000000000311220070089002330000086640000010002086640000
000000000810926614531220071022998103296700000003302010020000000000269080000000000232891000000100000000000000000000000000155400000000000000000000000000000311220070089002330000086640000010002086640000
000000000910926614531220073010003103296700000003302010030000000000080740000000000069971000000100000000000000000000000000155400000000000000000000000000000011220070089002330000086650000010002086650000
000000001010926614531220073020003103296700000003302010030000000000181530000000000157301000000100000000000000000000000000155400000000000000000000000000000311220070089002330000086650000010002086650000
000000001110926614531220074011998103296700000003302010030000000000464940000000000402871000000100000000000000000000000000155400000000000000000000000000000311220070089002330000086650000010002086650000
000000001210926614531220071011998103296700000003302010030000000000464940000000000402871000000100000000000000000000000000155400000000000000000000000000000311220070089002330000086650000010002086650000
000000001310926614531220074012998103296700000003302010030000000000364150000000000315541000000100000000000000000000000000155400000000000000000000000000000311220070089002330000086650000010002086650000
000000001410926614531220071012998103296700000003302010030000000000298900000000000258981000000100000000000000000000000000155400000000000000000000000000000311220070089002330000086650000010002086650000
000000001510926614531220071022003103296700000003302010030000000000065250000000000056561000000100000000000000000000000000155400000000000000000000000000000311220070089002330000086650000010002086650000
000000001610926614531220071022998103296700000003302010030000000000065250000000000056561000000100000000000000000000000000155400000000000000000000000000000311220070089002330000086650000010002086650000
000000001710926614531220073010003103296700000004101020010000000000059720000000000047231000000100000000000000000000000000155400000000000000000000000000000011220070089002330000079060000010002079060000
000000001810926614531220073020003103296700000004101020010000000000037420000000000029671000000100000000000000000000000000155400000000000000000000000000000311220070089002330000079060000010002079060000
000000001910926614531220074011998103296700000004101020010000000000000000000000000000001000000100000000000000000000000000155400000000000000000000000000000311220070089002330000079060000010002079060000
000000002010926614531220071011998103296700000004101020010000000000000000000000000000001000000100000000000000000000000000155400000000000000000000000000000311220070089002330000079060000010002079060000
000000002110926614531220074012998103296700000004101020010000000000022300000000000017561000000100000000000000000000000000155400000000000000000000000000000311220070089002330000079060000010002079060000
000000002210926614531220071012998103296700000004101020010000000000021060000000000016641000000100000000000000000000000000155400000000000000000000000000000311220070089002330000079060000010002079060000
000000002310926614531220071022003103296700000004101020010000000000001240000000000000921000000100000000000000000000000000155400000000000000000000000000000311220070089002330000079060000010002079060000
000000002410926614531220071022998103296700000004101020010000000000001240000000000000921000000100000000000000000000000000155400000000000000000000000000000311220070089002330000079060000010002079060000
000000002510926614531220073010003103296700000003301010010000000000106300000000000083431000000100000000000000000000000000155400000000000000000000000000000011220070089002330000078470000010002078470000
000000002610926614531220073020003103296700000003301010010000000000106900000000000083801000000100000000000000000000000000155400000000000000000000000000000311220070089002330000078470000010002078470000
000000002710926614531220074011998103296700000003301010010000000000100000000000000078471000000100000000000000000000000000155400000000000000000000000000000311220070089002330000078470000010002078470000
000000002810926614531220071011998103296700000003301010010000000000100000000000000078471000000100000000000000000000000000155400000000000000000000000000000311220070089002330000078470000010002078470000
000000002910926614531220074012998103296700000003301010010000000000099400000000000078101000000100000000000000000000000000155400000000000000000000000000000311220070089002330000078470000010002078470000
000000003010926614531220071012998103296700000003301010010000000000099370000000000073941000000100000000000000000000000000155400000000000000000000000000000311220070089002330000078470000010002078470000
000000003110926614531220071022003103296700000003301010010000000000000030000000000004161000000100000000000000000000000000155400000000000000000000000000000311220070089002330000078470000010002078470000
000000003210926614531220071022998103296700000003301010010000000000000030000000000004161000000100000000000000000000000000155400000000000000000000000000000311220070089002330000078470000010002078470000
000000003310926614531220073010003103296700000003302010080000000000047200000000000040991000000100000000000000000000000000155400000000000000000000000000000011220070089002330000086960000010002086960000
000000003410926614531220073020003103296700000003302010080000000000027350000000000023731000000100000000000000000000000000155400000000000000000000000000000311220070089002330000086960000010002086960000
000000003510926614531220074011998103296700000003302010080000000000029970000000000026001000000100000000000000000000000000155400000000000000000000000000000311220070089002330000086770000010002086770000
000000003610926614531220071011998103296700000003302010080000000000029970000000000026001000000100000000000000000000000000155400000000000000000000000000000311220070089002330000086770000010002086770000
000000003710926614531220074012998103296700000003302010080000000000049820000000000043261000000100000000000000000000000000155400000000000000000000000000000311220070089002330000086770000010002086770000
000000003810926614531220071012998103296700000003302010080000000000026000000000000022611000000100000000000000000000000000155400000000000000000000000000000311220070089002330000086770000010002086770000
000000003910926614531220071022003103296700000003302010080000000000023820000000000020651000000100000000000000000000000000155400000000000000000000000000000311220070089002330000086770000010002086770000
000000004010926614531220071022998103296700000003302010080000000000023820000000000020651000000100000000000000000000000000155400000000000000000000000000000311220070089002330000086770000010002086770000
000000004110926614531220073010003103296700000003301010050000000000114200000000000082961000000100000000000000000000000000155400000000000000000000000000000011220070089002330000072870000010002072870000
000000004210926614531220073020003103296700000003301010050000000000127910000000000092961000000100000000000000000000000000155400000000000000000000000000000311220070089002330000072870000010002072870000
000000004310926614531220074011998103296700000003301010050000000000227130000000000164811000000100000000000000000000000000155400000000000000000000000000000311220070089002330000072560000010002072560000
000000004410926614531220071011998103296700000003301010050000000000227130000000000164811000000100000000000000000000000000155400000000000000000000000000000311220070089002330000072560000010002072560000
000000004510926614531220074012998103296700000003301010050000000000213420000000000154811000000100000000000000000000000000155400000000000000000000000000000311220070089002330000072560000010002072560000
000000004610926614531220071012998103296700000003301010050000000000093140000000000067861000000100000000000000000000000000155400000000000000000000000000000311220070089002330000072560000010002072560000
000000004710926614531220071022003103296700000003301010050000000000120280000000000086951000000100000000000000000000000000155400000000000000000000000000000311220070089002330000072560000010002072560000
000000004810926614531220071022998103296700000003301010050000000000120280000000000086951000000100000000000000000000000000155400000000000000000000000000000311220070089002330000072560000010002072560000
000000004910926614531220073010003103296700000003301010020000000000031030000000000021911000000100000000000000000000000000155400000000000000000000000000000011220070089002330000070620000010002070620000
000000005010926614531220073020003103296700000003301010020000000000051930000000000036671000000100000000000000000000000000155400000000000000000000000000000311220070089002330000070620000010002070620000
000000005110926614531220074011998103296700000003301010020000000000048900000000000034531000000100000000000000000000000000155400000000000000000000000000000311220070089002330000070620000010002070620000
000000005210926614531220071011998103296700000003301010020000000000048900000000000034531000000100000000000000000000000000155400000000000000000000000000000311220070089002330000070620000010002070620000
000000005310926614531220074012998103296700000003301010020000000000028000000000000019771000000100000000000000000000000000155400000000000000000000000000000311220070089002330000070620000010002070620000
000000005410926614531220071012998103296700000003301010020000000000028000000000000019741000000100000000000000000000000000155400000000000000000000000000000311220070089002330000070620000010002070620000
000000005510926614531220071012002103296700000003301010020000000000004000000000000002821000000193976306000169000818020291155400000000000000000000008740004031220070089002330000070620000010002070620000
000000005610926614531220071012002103296700000003301010010000000000001000000000000000791000000193126241000162000799420614155400000000000000000000008740104031220070089002330000078920000010002078920000
000000005710926614531220071012002103296700000003301010050000000000002000000000000001461000000188611835000129000756629301155400000000000000000000008742304031220070089002330000072870000010002072870000
000000005810926614531220071012002103296700000003301010010000000000000540000000000000461000000189278519000140000756631012155400000000000000000000008742604031220070089002330000085278000010002085277800
000000005910926614531220071012002103296700000003301010010000000000004000000000000003161000000104010746000137000814620711155400000000000000000000008742704031220070089002330000078970000010002078970000
000000006010926614531220071012002103296700000003302010030000000000004000000000000003471000000104010746000137000814620711155400000000000000000000008742704031220070089002330000086650000010002086650000
000000006110926614531220071012002103296700000003301010010000000000000540000000000000381000000107176206000116000828845412155400000000000000000000008742904031220070089002330000071000000010002071000000
000000006210926614531220071012002103296700000003301010010000000000000300000000000000211000000107176206000116000828845412155400000000000000000000008743004031220070089002330000071000000010002071000000
000000006310926614531220071012002103296700000003301010010000000000003900000000000002771000000194136686000196000756647415155400000000000000000000008743104031220070089002330000071000000010002071000000
000000006410926614531220071012002103296700000003301010050000000000002000000000000001461000000104654447000488000756627104155400000000000000000000008743204031220070089002330000072870000010002072870000
000000006510926614531220071012002103296700000003301010010000000000000780000000000000561000000101036716000101000850746729155400000000000000000000008743904031220070089002330000071000000010002071000000
000000006610926614531220071012002103296700000004101020010000000000001260000000000000991000000101036716000101000850746729155400000000000000000000008743904031220070089002330000079000000010002079000000
000000006710926614531220071012002103296700000003301010010000000000006600000000000004691000000183478610000122000848347890155400000000000000000000008744004031220070089002330000071000000010002071000000
000000006810926614531220071012002103296700000003302010030000000000002000000000000001731000000104405220000237000756020193155400000000000000000000008744804031220070089002330000086650000010002086650000
000000006910926614531220071012002103296700000003302010080000000000022000000000000019131000000189515712000157000750215297155400000000000000000000008745704041220070089002330000086960000010002086960000
000000007010926614531220071011001103296710362853301010050000000000098240000000000071281000000188948492000192000825820991155400000000000000000000041555304041220070089002330000072560000010002072560000
000000007110926614531220071012002103296700000003301010050000000000020000000000000014571000000189515712000157000750215297155400000000000000000000008745704041220070089002330000072870000010002072870000
000000007210926614531220071011001103296710362853302010020000000000059420000000000051481000000188948492000192000825820991155400000000000000000000041555604041220070089002330000086640000010002086640000
000000007310926614531220071012002103296700000003302010020000000000020000000000000017331000000194661428000129000791820991155400000000000000000000008745804041220070089002330000086640000010002086640000
000000007410926614531220071012002103296700000003301010050000000000000540000000000000391000000104979039000153000818022293155400000000000000000000008747504041220070089002330000072870000010002072870000
000000007510926614531220071012002103296700000003301010010000000000001680000000000001201000000108512257000134000815147440155400000000000000000000008748204041220070089002330000071000000010002071000000
000000007610926614531220071012002103296700000003302010030000000000002000000000000001731000000192544196000101000776728330155400000000000000000000008748604041220070089002330000086650000010002086650000
000000007710926614531220071012002103296700000003301010050000000000004000000000000002911000000188302591000100000753315211155400000000000000000000008748704041220070089002330000072870000010002072870000
000000007810926614531220071012002103296700000003301010010000000000001500000000000001071000000195243382000190000815147415155400000000000000000000008749004041220070089002330000071000000010002071000000
000000007910926614531220071012002103296700000003301010010000000000000180000000000000131000000102463328000170000825047415155400000000000000000000008749104041220070089002330000071000000010002071000000
000000008010926614531220071012002103296700000003302010030000000000002000000000000001731000000175493577000181000843020711155400000000000000000000008749404041220070089002330000086650000010002086650000
000000008110926614531220071012002103296700000003301010050000000000002000000000000001461000000188611835000129000756629301155400000000000000000000008751004041220070089002330000072870000010002072870000
000000008210926614531220071012002103296700000003301010010000000000000960000000000000741000000192661453000268000799447415155400000000000000000000008750304041220070089002330000071000000010002071000000
000000008310926614531220071012002103296700000003301010050000000000000600000000000000441000000192661453000268000799447415155400000000000000000000008750304041220070089002330000072870000010002072870000
000000008410926614531220071012002103296700000003302010030000000000000180000000000000161000000192661453000268000799447415155400000000000000000000008750304041220070089002330000086650000010002086650000
000000008510926614531220071012002103296700000004101020010000000000000180000000000000151000000105053542000146000750238211155400000000000000000000008752004051220070089002330000083884000010002083884400
000000008610926614531220071012002103296700000003301010050000000000002000000000000001461000000193126241000162000799420614155400000000000000000000008752204051220070089002330000072870000010002072870000
000000008710926614531220071012002103296700000003301010050000000000000360000000000000261000000188260120000179000799447415155400000000000000000000008753604051220070089002330000072867000010002072866700
000000008810926614531220071012002103296700000003301010020000000000002000000000000001411000000106914398000158000753320291155400000000000000000000008753804051220070089002330000070390000010002070390000
000000008910926614531220071012002103296700000003301010050000000000002000000000000001461000000188611835000129000756629301155400000000000000000000008754504051220070089002330000072870000010002072870000
000000009010926614531220071012002103296700000003301010050000000000004000000000000002911000000193785822000106000756629301155400000000000000000000008754704051220070089002330000072870000010002072870000
000000009110926614531220071012002103296700000003302010030000000000001000000000000000871000000100702802000143000810528330155400000000000000000000008754804051220070089002330000086660000010002086660000
000000009210926614531220071012002103296700000003302010080000000000002000000000000001741000000102491687000130000756628232155400000000000000000000008755104051220070089002330000086960000010002086960000
000000009310926614531220071012002103296700000003302010020000000000002000000000000001741000000102491687000130000756628232155400000000000000000000008755104051220070089002330000086800000010002086800000
000000009410926614531220071012002103296700000003301010010000000000002000000000000001581000000107104434000180000823358191155400000000000000000000008755504051220070089002330000078970000010002078970000
000000009510926614531220071012002103296700000003302010030000000000010000000000000008661000000102588815000169000848825438155400000000000000000000008755804051220070089002330000086650000010002086650000
000000009610926614531220071012002103296700000003301010050000000000002000000000000001461000000103483185000120000852128330155400000000000000000000008755904051220070089002330000072870000010002072870000
000000009710926614531220071012002103296700000003302010020000000000010000000000000008681000000190233826000193000756615106155400000000000000000000008757604051220070089002330000086800000010002086800000
000000009810926614531220071012002103296700000003301010020000000000002000000000000001411000000106914398000158000753320291155400000000000000000000008757804051220070089002330000070390000010002070390000
000000009910926614531220071012002103296700000003301010010000000000004000000000000003161000000104010746000137000814620711155400000000000000000000008758104061220070089002330000078970000010002078970000
000000010010926614531220071011001103296710362853302010020000000000079150000000000068581000000188948492000192000825820991155400000000000000000000041598904061220070089002330000086640000010002086640000
000000010110926614531220071012002103296700000003302010030000000000002000000000000001731000000104010746000137000814620711155400000000000000000000008758104061220070089002330000086650000010002086650000
000000010210926614531220071011001103296710362853302010030000000000078700000000000068191000000188948492000192000825820991155400000000000000000000041599504061220070089002330000086650000010002086650000
000000010310926614531220071012002103296700000003301010010000000000001000000000000000791000000191506550000132000751718211155400000000000000000000008758204061220070089002330000078920000010002078920000
000000010410926614531220071012002103296700000003302010030000000000001000000000000000871000000192752468000150000774828330155400000000000000000000008759804061220070089002330000086660000010002086660000
000000010510926614531220071012002103296700000003302010020000000000010000000000000008681000000192104199000116000771915297155400000000000000000000008760104061220070089002330000086800000010002086800000
000000010610926614531220071012002103296700000003301010050000000000001000000000000000731000000103705616000156000750225438155400000000000000000000008760204061220070089002330000072870000010002072870000
000000010710926614531220071012002103296700000003301010050000000000000180000000000000131000000105410753000199000756647415155400000000000000000000008760304061220070089002330000071000000010002071000000
000000010810926614531220071012002103296700000004101020010000000000000180000000000000141000000105410753000199000756647415155400000000000000000000008760304061220070089002330000079000000010002079000000
000000010910926614531220071012002103296700000003302010020000000000010000000000000008681000000103959238000137000756615106155400000000000000000000008760504061220070089002330000086800000010002086800000
000000011010926614531220071012002103296700000003302010030000000000060000000000000051991000000187288940000297000793828330155400000000000000000000008761604061220070089002330000086650000010002086650000
000000011110926614531220071012002103296700000003301010010000000000002000000000000001581000000107281492000180000835720711155400000000000000000000008762904061220070089002330000078970000010002078970000
000000011210926614531220071012002103296700000003301010010000000000001000000000000000791000000193129062000189000774825993155400000000000000000000008764904071220070089002330000078920000010002078920000
000000011310926614531220071012002103296700000003302010080000000000002000000000000001741000000193360162000111000750220738155400000000000000000000008765104071220070089002330000086960000010002086960000
000000011410926614531220071012002103296700000004101020010000000000006000000000000004741000000192748904000118000774824512155400000000000000000000008765204071220070089002330000079060000010002079060000
000000011510926614531220071012002103296700000003302010030000000000000720000000000000621000000107774660000179000767586305155400000000000000000000008767904071220070089002330000086650000010002086650000
000000011610926614531220071012002103296700000003301010050000000000002000000000000001461000000188611835000129000756629301155400000000000000000000008768004071220070089002330000072870000010002072870000
000000011710926614531220071012002103296700000003302010030000000000002000000000000001731000000191495499000100000789328330155400000000000000000000008768104071220070089002330000086650000010002086650000
000000011810926614531220071012002103296700000003302010030000000000002000000000000001731000000192544196000101000776728330155400000000000000000000008768204071220070089002330000086650000010002086650000
000000011910926614531220071012002103296700000003301010010000000000000900000000000000641000000194616026000102000824547423155400000000000000000000008768504071220070089002330000071000000010002071000000
000000012010926614531220071012002103296700000004101020010000000000000180000000000000141000000194616026000102000824547423155400000000000000000000008768504071220070089002330000079000000010002079000000
000000012110926614531220071012002103296700000003301010050000000000004000000000000002911000000104654447000488000756627104155400000000000000000000008768804071220070089002330000072870000010002072870000
000000012210926614531220071012002103296700000003302010030000000000010000000000000008661000000104654447000488000756627104155400000000000000000000008768804071220070089002330000086650000010002086650000
000000012310926614531220071012002103296700000003301010010000000000000290000000000000231000000100214121000306000750249302155400000000000000000000008769004071220070089002330000078470000010002078470000
000000012410926614531220071012002103296700000003302010030000000000002000000000000001731000000175493577000181000843020711155400000000000000000000008769204071220070089002330000086650000010002086650000
000000012510926614531220071012002103296700000003301010010000000000001020000000000000721000000181549693000178000850747415155400000000000000000000008769304071220070089002330000071000000010002071000000
000000012610926614531220071012002103296700000003302010030000000000002000000000000001731000000192782705000126000799425993155400000000000000000000008770904101220070089002330000086650000010002086650000
000000012710926614531220071011001103296710362853302010030000000000099130000000000085901000000188948492000192000825820991155400000000000000000000041654004101220070089002330000086650000010002086650000
000000012810926614531220071012002103296700000003302010030000000000002000000000000001731000000190292970000109000753325993155400000000000000000000008771104101220070089002330000086650000010002086650000
000000012910926614531220071011001103296710362853302010020000000000059880000000000051881000000188948492000192000825820991155400000000000000000000041656504101220070089002330000086640000010002086640000
000000013010926614531220071012002103296700000003301010050000000000000180000000000000131000000192781335000102000799425501155400000000000000000000008771404101220070089002330000071000000010002071000000
000000013110926614531220071012002103296700000003301010020000000000002000000000000001411000000106914398000158000753320291155400000000000000000000008771504101220070089002330000070390000010002070390000
000000013210926614531220071012002103296700000003302010030000000000002000000000000001731000000192865674000177000756645200155400000000000000000000008773504101220070089002330000086650000010002086650000
000000013310926614531220071012002103296700000003302010030000000000001000000000000000871000000192752468000150000774828330155400000000000000000000008773604101220070089002330000086660000010002086660000
000000013410926614531220071012002103296700000003302010020000000000010000000000000008681000000190233826000193000756615106155400000000000000000000008774204101220070089002330000086800000010002086800000
000000013510926614531220071012002103296700000003302010030000000000006000000000000005201000000188363775000334000749728330155400000000000000000000008774304101220070089002330000086650000010002086650000
000000013610926614531220071012002103296700000003302010020000000000006000000000000005211000000102491687000130000756628232155400000000000000000000008774404101220070089002330000086800000010002086800000
000000013710926614531220071012002103296700000003301010050000000000002000000000000001461000000102487863000160000766728232155400000000000000000000008774504101220070089002330000072870000010002072870000
000000013810926614531220071012002103296700000003301010020000000000004000000000000002821000000104083190000109000756620711155400000000000000000000008775204101220070089002330000070620000010002070620000
000000013910926614531220071012002103296700000003301010010000000000005400000000000003831000000183478610000122000848347890155400000000000000000000008775504101220070089002330000071000000010002071000000
000000014010926614531220071012002103296700000003301010010000000000002000000000000001581000000107281492000180000835720711155400000000000000000000008775604101220070089002330000078970000010002078970000
000000014110926614531220071012002103296700000003301010010000000000000360000000000000261000000108512257000134000815147440155400000000000000000000008777204101220070089002330000071000000010002071000000
000000014210926614531220071012002103296700000003302010030000000000100000000000000086651000000188665146000601000756628330155400000000000000000000008777604101220070089002330000086650000010002086650000
000000014310926614531220071012002103296700000003302010020000000000010000000000000008661000000188052642000185000774820991155400000000000000000000008778404101220070089002330000086640000010002086640000
000000014410926614531220071012002103296700000004101020010000000000002000000000000001581000000106914398000158000753320291155400000000000000000000008778904111220070089002330000079060000010002079060000
000000014510926614531220071012002103296700000003301010010000000000002000000000000001581000000193093565000303000770847415155400000000000000000000008779404111220070089002330000078920000010002078920000
000000014610926614531220071012002103296700000003301010020000000000004000000000000002821000000107079525000103000814622293155400000000000000000000008779604111220070089002330000070620000010002070620000
000000014710926614531220071012002103296700000003301010010000000000004000000000000003161000000104010746000137000814620711155400000000000000000000008781404111220070089002330000078970000010002078970000
000000014810926614531220071012002103296700000003302010020000000000002000000000000001741000000104010746000137000814620711155400000000000000000000008782604111220070089002330000086800000010002086800000
000000014910926614531220071012002103296700000003302010030000000000002000000000000001731000000104010746000137000814620711155400000000000000000000008782604111220070089002330000086650000010002086650000
000000015010926614531220071012002103296700000003302010030000000000001000000000000000871000000103072560000140000748225993155400000000000000000000008782804111220070089002330000086660000010002086660000
000000015110926614531220071012002103296700000004101020010000000000002000000000000001581000000193532968000140000756618113155400000000000000000000008782904111220070089002330000079060000010002079060000
000000015210926614531220071012002103296700000003302010030000000000010000000000000008661000000102588815000169000848825438155400000000000000000000008784604111220070089002330000086650000010002086650000
000000015310926614531220071012002103296700000003302010030000000000002000000000000001731000000190292970000109000753325993155400000000000000000000008784804121220070089002330000086650000010002086650000
000000015410926614531220071011001103296710362853302010030000000000079280000000000068701000000188948492000192000825820991155400000000000000000000041662104121220070089002330000086650000010002086650000
000000015510926614531220071012002103296700000003301010010000000000000360000000000000261000000187237731000133000799446729155400000000000000000000008785004121220070089002330000071000000010002071000000
000000015610926614531220071011001103296710362853302010020000000000078340000000000067871000000188948492000192000825820991155400000000000000000000041662504121220070089002330000086640000010002086640000
000000015710926614531220071012002103296700000003301010050000000000000720000000000000521000000187237731000133000799446729155400000000000000000000008785004121220070089002330000072870000010002072870000
000000015810926614531220071012002103296700000003301010050000000000002000000000000001461000000188611835000129000756629301155400000000000000000000008786004121220070089002330000072870000010002072870000
000000015910926614531220071012002103296700000003301010050000000000004000000000000002911000000191704981000103000742125993155400000000000000000000008786204121220070089002330000072870000010002072870000
000000016010926614531220071012002103296700000003302010030000000000002000000000000001731000000192544196000101000776728330155400000000000000000000008786504121220070089002330000086650000010002086650000
000000016110926614531220071012002103296700000003301010050000000000001440000000000001051000000189463822000112000756645111155400000000000000000000008786704121220070089002330000072870000010002072870000
000000016210926614531220071012002103296700000003301010010000000000001000000000000000791000000191506550000132000751718211155400000000000000000000008786904121220070089002330000078920000010002078920000
000000016310926614531220071012002103296700000003302010030000000000016000000000000013861000000104654447000488000756627104155400000000000000000000008787104121220070089002330000086650000010002086650000
000000016410926614531220071012002103296700000003302010030000000000002000000000000001731000000187546552000188000746631021155400000000000000000000008787804121220070089002330000086650000010002086650000
000000016510926614531220071012002103296700000003301010050000000000002000000000000001461000000103483185000120000852128330155400000000000000000000008788004121220070089002330000072870000010002072870000
000000016610926614531220071012002103296700000003301010010000000000001260000000000000901000000192603869000149000815347415155400000000000000000000008789704121220070089002330000071000000010002071000000
000000016710926614531220071012002103296700000003301010050000000000002000000000000001461000000188611835000129000756629301155400000000000000000000008791604131220070089002330000072870000010002072870000
000000016810926614531220071011001103296710362853301010050000000000049690000000000036061000000188948492000192000825820991155400000000000000000000041695304131220070089002330000072560000010002072560000
000000016910926614531220071012002103296700000003302010030000000000001000000000000000871000000100702802000143000810528330155400000000000000000000008791704131220070089002330000086660000010002086660000
000000017010926614531220071011001103296710362853302010080000000000029970000000000026001000000188948492000192000825820991155400000000000000000000041695804131220070089002330000086770000010002086770000
000000017110926614531220071012002103296700000003302010020000000000010000000000000008681000000192104199000116000771915297155400000000000000000000008791904131220070089002330000086800000010002086800000
000000017210926614531220071011001103296710362853302010030000000000078700000000000068191000000188948492000192000825820991155400000000000000000000041695904131220070089002330000086650000010002086650000
000000017310926614531220071012002103296700000003301010010000000000000360000000000000261000000195268652000118000774845307155400000000000000000000008792304131220070089002330000071000000010002071000000
000000017410926614531220071012002103296700000003301010050000000000002000000000000001461000000193976306000169000818020291155400000000000000000000008792404131220070089002330000072870000010002072870000
000000017510926614531220071012002103296700000003302010020000000000010000000000000008681000000103959238000137000756615106155400000000000000000000008792804131220070089002330000086800000010002086800000
000000017610926614531220071012002103296700000003301010010000000000016020000000000011381000000189060370000128000740847415155400000000000000000000008795604141220070089002330000071000000010002071000000
000000017710926614531220071012002103296700000003301010050000000000000180000000000000131000000192781335000102000799425501155400000000000000000000008795904141220070089002330000071000000010002071000000
000000017810926614531220071012002103296700000003301010020000000000002000000000000001411000000106914398000158000753320291155400000000000000000000008796004141220070089002330000070620000010002070620000
000000017910926614531220071012002103296700000003302010030000000000001000000000000000871000000192752468000150000774828330155400000000000000000000008797804141220070089002330000086660000010002086660000
000000018010926614531220071012002103296700000003301010050000000000004000000000000002911000000193785822000106000756629301155400000000000000000000008797904141220070089002330000072870000010002072870000
000000018110926614531220071012002103296700000003302010030000000000002000000000000001731000000191495499000100000789328330155400000000000000000000008798104141220070089002330000086650000010002086650000
000000018210926614531220071012002103296700000003302010030000000000002000000000000001731000000192544196000101000776728330155400000000000000000000008798204141220070089002330000086650000010002086650000
000000018310926614531220071012002103296700000003302010020000000000002000000000000001741000000102491687000130000756628232155400000000000000000000008798504141220070089002330000086800000010002086800000
000000018410926614531220071012002103296700000004101020010000000000000180000000000000141000000191004838000109000824547415155400000000000000000000008798604141220070089002330000079000000010002079000000
000000018510926614531220071012002103296700000003301010010000000000003660000000000002591000000106925014000100000756647415155400000000000000000000008798804141220070089002330000071000000010002071000000
000000018610926614531220071012002103296700000003301010010000000000001800000000000001281000000190552472000140000793332124155400000000000000000000008799004141220070089002330000071000000010002071000000
000000018710926614531220071012002103296700000004101020010000000000000180000000000000141000000190552472000140000793332124155400000000000000000000008799004141220070089002330000079000000010002079000000
000000018810926614531220071012002103296700000003301010050000000000000900000000000000661000000104754028000175000850722293155400000000000000000000008799304141220070089002330000072867000010002072866700
000000018910926614531220071012002103296700000003301010010000000000000540000000000000381000000194684404000195000824546729155400000000000000000000008800504141220070089002330000071000000010002071000000
000000019010926614531220071012002103296700000003302010020000000000010000000000000008681000000190233826000193000756615106155400000000000000000000008800604141220070089002330000086800000010002086800000
000000019110926614531220071012002103296700000003301010050000000000001800000000000001281000000103848614000116000799446729155400000000000000000000008802704171220070089002330000071000000010002071000000
000000019210926614531220071012002103296700000003302010030000000000002000000000000001731000000190292970000109000753325993155400000000000000000000008803204171220070089002330000086650000010002086650000
000000019310926614531220071012002103296700000003301010050000000000002000000000000001461000000188611835000129000756629301155400000000000000000000008803904171220070089002330000072870000010002072870000
000000019410926614531220071012002103296700000003301010050000000000002000000000000001461000000190295338000100000828825993155400000000000000000000008804104171220070089002330000072870000010002072870000
000000019510926614531220071012002103296700000003302010020000000000002000000000000001741000000106914398000158000753320291155400000000000000000000008804404171220070089002330000086800000010002086800000
000000019610926614531220071012002103296700000003301010050000000000000360000000000000261000000104979039000153000818022293155400000000000000000000008805004171220070089002330000072870000010002072870000
000000019710926614531220071012002103296700000003302010030000000000001000000000000000871000000104220434000158000756625993155400000000000000000000008805704171220070089002330000086660000010002086660000
000000019810926614531220071012002103296700000003301010050000000000002000000000000001461000000193126241000162000799420614155400000000000000000000008805804171220070089002330000072870000010002072870000
000000019910926614531220071012002103296700000003301010050000000000003000000000000002191000000127011022000103000799426701155400000000000000000000008807104181220070089002330000072870000010002072870000
000000020010926614531220071012002103296700000003301010050000000000002000000000000001461000000188302591000100000753315211155400000000000000000000008807504181220070089002330000072870000010002072870000
000000020110926614531220071012002103296700000003302010030000000000002000000000000001731000000106914398000158000753320291155400000000000000000000008808604181220070089002330000086650000010002086650000
000000020210926614531220071012002103296700000003301010050000000000002000000000000001461000000188611835000129000756629301155400000000000000000000008809004181220070089002330000072870000010002072870000
000000020310926614531220071012002103296700000003301010010000000000001740000000000001231000000190862004000171000792547415155400000000000000000000008809404181220070089002330000071000000010002071000000
000000020410926614531220071012002103296700000003301010010000000000006000000000000004741000000104010746000137000814620711155400000000000000000000008809604181220070089002330000078970000010002078970000
000000020510926614531220071012002103296700000003302010030000000000002000000000000001731000000104010746000137000814620711155400000000000000000000008809604181220070089002330000086650000010002086650000
000000020610926614531220071012002103296700000003301010010000000000004000000000000003161000000107612050000179000870099999155400000000000000000000008810704181220070089002330000078970000010002078970000
000000020710926614531220071012002103296700000003301010050000000000002000000000000001461000000188302591000100000753315211155400000000000000000000008813904191220070089002330000072870000010002072870000
000000020810926614531220071011001103296710362853302010020000000000157740000000000136671000000188948492000192000825820991155400000000000000000000041762404191220070089002330000086640000010002086640000
000000020910926614531220071012002103296700000003302010030000000000001000000000000000871000000100585002000190000799420291155400000000000000000000008814004191220070089002330000086650000010002086650000
000000021010926614531220071012002103296700000003301010020000000000004000000000000002821000000107079525000103000814622293155400000000000000000000008814304191220070089002330000070620000010002070620000
000000021110926614531220071012002103296700000003302010020000000000002000000000000001741000000103275793000140000791820991155400000000000000000000008814504191220070089002330000086800000010002086800000
000000021210926614531220071012002103296700000003302010030000000000002000000000000001731000000192544196000101000776728330155400000000000000000000008815504191220070089002330000086650000010002086650000
000000021310926614531220071012002103296700000003301010010000000000002340000000000001661000000194915402000160000823547440155400000000000000000000008817304191220070089002330000071000000010002071000000
000000021410926614531220071012002103296700000003301010010000000000000360000000000000311000000192661453000268000799447415155400000000000000000000008812904191220070089002330000085278000010002085277800
000000021510926614531220071012002103296700000004101020010000000000000360000000000000301000000192661453000268000799447415155400000000000000000000008812904191220070089002330000083884000010002083884400
000000021610926614531220071012002103296700000003301010050000000000000900000000000000661000000192661453000268000799447415155400000000000000000000008812904191220070089002330000072870000010002072870000
000000021710926614531220071012002103296700000003301010010000000000001000000000000000791000000191506550000132000751718211155400000000000000000000008817504201220070089002330000078920000010002078920000
000000021810926614531220071012002103296700000004101020010000000000002000000000000001581000000192664028001709000799447890155400000000000000000000008817704201220070089002330000079060000010002079060000
000000021910926614531220071012002103296700000003301010010000000000000900000000000000661000000100497327000110000766947415155400000000000000000000008817804201220070089002330000071000000010002071000000
000000022010926614531220071012002103296700000003302010020000000000008000000000000006941000000102878336000187000814620291155400000000000000000000008817904201220070089002330000086800000010002086800000
000000022110926614531220071012002103296700000003302010030000000000004000000000000003471000000102878336000187000814620291155400000000000000000000008817904201220070089002330000086650000010002086650000
000000022210926614531220071012002103296700000003301010010000000000002000000000000001581000000106914398000158000753320291155400000000000000000000008818704201220070089002330000078970000010002078970000
000000022310926614531220071012002103296700000003301010050000000000000900000000000000661000000187237731000133000799446729155400000000000000000000008818804201220070089002330000072870000010002072870000
000000022410926614531220071012002103296700000003301010050000000000002000000000000001461000000188611835000129000756629301155400000000000000000000008819004201220070089002330000072870000010002072870000
000000022510926614531220071012002103296700000004101020010000000000002000000000000001581000000194314796000109000753947415155400000000000000000000008819604201220070089002330000079060000010002079060000
000000022610926614531220071012002103296700000003302010020000000000010000000000000008681000000103959238000137000756615106155400000000000000000000008820004201220070089002330000086800000010002086800000
000000022710926614531220071012002103296700000003301010050000000000000720000000000000521000000104979039000153000818022293155400000000000000000000008820104201220070089002330000072870000010002072870000
000000022810926614531220071012002103296700000003301010010000000000001380000000000000981000000109168330000165000817147415155400000000000000000000008820204201220070089002330000071000000010002071000000
000000022910926614531220071012002103296700000003301010010000000000000360000000000000261000000181341539000106000850747440155400000000000000000000008820304201220070089002330000071000000010002071000000
000000023010926614531220071012002103296700000003301010010000000000000540000000000000461000000189278519000140000756631012155400000000000000000000008821304201220070089002330000085278000010002085277800
000000023110926614531220071012002103296700000003302010030000000000001000000000000000871000000192752468000150000774828330155400000000000000000000008821704211220070089002330000086660000010002086660000
000000023210926614531220071011001103296710362853302010030000000000079390000000000068791000000188948492000192000825820991155400000000000000000000041807304211220070089002330000086650000010002086650000
000000023310926614531220071012002103296700000003301010010000000000000360000000000000261000000102463328000170000825047415155400000000000000000000008823504211220070089002330000071000000010002071000000
000000023410926614531220071011001103296710362853301010050000000000079200000000000057471000000188948492000192000825820991155400000000000000000000041809204211220070089002330000072560000010002072560000
000000023510926614531220071012002103296700000004101020010000000000000360000000000000281000000188293865000134000777447415155400000000000000000000008823904211220070089002330000079000000010002079000000
000000023610926614531220071011001103296710331823301010010000000000100000000000000078471000000134274233006801000753320991155400000000000000000000019604705211220070089002330000078470000010002078470000
000000023710926614531220071012002103296700000003301010010000000000000360000000000000261000000108512257000134000815147440155400000000000000000000008824204211220070089002330000071000000010002071000000
000000023810926614531220071012002103296700000003301010010000000000000720000000000000511000000106049304000120000791047415155400000000000000000000008824504211220070089002330000071000000010002071000000
000000023910926614531220071012002103296700000003301010010000000000000360000000000000261000000195243382000190000815147415155400000000000000000000008824604211220070089002330000071000000010002071000000
000000024010926614531220071012002103296700000003302010030000000000002000000000000001731000000192544196000101000776728330155400000000000000000000008824904211220070089002330000086650000010002086650000
000000024110926614531220071012002103296700000003301010050000000000000180000000000000131000000190297383000102000774846729155400000000000000000000008826004211220070089002330000071000000010002071000000
000000024210926614531220071012002103296700000003302010020000000000010000000000000008681000000190045865000167000791820991155400000000000000000000008826304261220070089002330000086800000010002086800000
000000024310926614531220071012002103296700000003302010030000000000002000000000000001731000000192544196000101000776728330155400000000000000000000008827704261220070089002330000086650000010002086650000
000000024410926614531220071012002103296700000003302010030000000000020000000000000017331000000187288940000297000793828330155400000000000000000000008827804261220070089002330000086650000010002086650000
000000024510926614531220071012002103296700000003301010050000000000000180000000000000131000000194684404000195000824546729155400000000000000000000008828704261220070089002330000071000000010002071000000
000000024610926614531220071012002103296700000003301010010000000000001200000000000000851000000194684404000195000824546729155400000000000000000000008828704261220070089002330000071000000010002071000000
000000024710926614531220071012002103296700000004101020010000000000002000000000000001581000000193126241000162000799420614155400000000000000000000008830304271220070089002330000079060000010002079060000
000000024810926614531220071012002103296700000003301010020000000000004000000000000002821000000107079525000103000814622293155400000000000000000000008830404271220070089002330000070620000010002070620000
000000024910926614531220071012002103296700000003302010030000000000002000000000000001731000000192782705000126000799425993155400000000000000000000008830504271220070089002330000086650000010002086650000
000000025010926614531220071012002103296700000003301010050000000000001000000000000000731000000103705616000156000750225438155400000000000000000000008831604271220070089002330000072870000010002072870000
000000025110926614531220071012002103296700000003301010010000000000001260000000000000901000000104087937000105000815347415155400000000000000000000008832004271220070089002330000071000000010002071000000
000000025210926614531220071012002103296700000003301010010000000000001000000000000000791000000191777078000172000753346478155400000000000000000000008832104271220070089002330000078920000010002078920000
000000025310926614531220071012002103296700000003302010030000000000001000000000000000871000000192752468000150000774828330155400000000000000000000008833604281220070089002330000086660000010002086660000
000000025410926614531220071011001103296710362853302010030000000000049740000000000043101000000188948492000192000825820991155400000000000000000000041867604281220070089002330000086650000010002086650000
000000025510926614531220071012002103296700000004101020010000000000002000000000000001581000000192782366000188000774825993155400000000000000000000008833904281220070089002330000079060000010002079060000
000000025610926614531220071011001103296710362853301010020000000000048900000000000034531000000188948492000192000825820991155400000000000000000000041868104281220070089002330000070620000010002070620000
000000025710926614531220071012002103296700000003302010030000000000002000000000000001731000000192544196000101000776728330155400000000000000000000008834904281220070089002330000086650000010002086650000
000000025810926614531220071011001103296710362853302010020000000000059420000000000051481000000188948492000192000825820991155400000000000000000000041868204281220070089002330000086640000010002086640000
000000025910926614531220071012002103296700000003301010010000000000000540000000000000381000000194616026000102000824547423155400000000000000000000008836304281220070089002330000071000000010002071000000
000000026010926614531220071012002103296700000004101020010000000000000180000000000000141000000194616026000102000824547423155400000000000000000000008836304281220070089002330000079000000010002079000000
