000000000010926614530920070000258
000000000110926614530920073010003103296700000003302010020000000000070120000000000046401000000100000000000000000000000000155400000000000000000000000000000010920070089002330000110000000010002110000000
000000000210926614530920073020003103296700000003302010020000000000074080000000000050191000000100000000000000000000000000155400000000000000000000000000000300920070089002330000110000000010002110000000
000000000310926614530920074011998103296700000003302010020000000000519130000000000449771000000100000000000000000000000000155400000000000000000000000000000300920070089002330000086640000010002086640000
000000000410926614530920071011998103296700000003302010020000000000519130000000000449771000000100000000000000000000000000155400000000000000000000000000000300920070089002330000086640000010002086640000
000000000510926614530920074012998103296700000003302010020000000000515170000000000445981000000100000000000000000000000000155400000000000000000000000000000300920070089002330000086640000010002086640000
000000000610926614530920071012998103296700000003302010020000000000338000000000000293151000000100000000000000000000000000155400000000000000000000000000000300920070089002330000086640000010002086640000
000000000710926614530920071022003103296700000003302010020000000000177170000000000152831000000100000000000000000000000000155400000000000000000000000000000300920070089002330000086640000010002086640000
000000000810926614530920071022998103296700000003302010020000000000177170000000000152831000000100000000000000000000000000155400000000000000000000000000000300920070089002330000086640000010002086640000
000000000910926614530920073010003103296700000003302010030000000000072180000000000062541000000100000000000000000000000000155400000000000000000000000000000010920070089002330000086650000010002086650000
000000001010926614530920073020003103296700000003302010030000000000107830000000000093431000000100000000000000000000000000155400000000000000000000000000000300920070089002330000086650000010002086650000
000000001110926614530920074011998103296700000003302010030000000000379970000000000329241000000100000000000000000000000000155400000000000000000000000000000300920070089002330000086650000010002086650000
000000001210926614530920071011998103296700000003302010030000000000379970000000000329241000000100000000000000000000000000155400000000000000000000000000000300920070089002330000086650000010002086650000
000000001310926614530920074012998103296700000003302010030000000000344320000000000298351000000100000000000000000000000000155400000000000000000000000000000300920070089002330000086650000010002086650000
000000001410926614530920071012998103296700000003302010030000000000314480000000000272561000000100000000000000000000000000155400000000000000000000000000000300920070089002330000086650000010002086650000
000000001510926614530920071022003103296700000003302010030000000000029840000000000025791000000100000000000000000000000000155400000000000000000000000000000300920070089002330000086650000010002086650000
000000001610926614530920071022998103296700000003302010030000000000029840000000000025791000000100000000000000000000000000155400000000000000000000000000000300920070089002330000086650000010002086650000
000000001710926614530920073010003103296700000004101020010000000000020300000000000016111000000100000000000000000000000000155400000000000000000000000000000010920070089002330000079060000010002079060000
000000001810926614530920073020003103296700000004101020010000000000055300000000000043771000000100000000000000000000000000155400000000000000000000000000000300920070089002330000079060000010002079060000
000000001910926614530920074011998103296700000004101020010000000000057980000000000045831000000100000000000000000000000000155400000000000000000000000000000300920070089002330000079060000010002079060000
000000002010926614530920071011998103296700000004101020010000000000057980000000000045831000000100000000000000000000000000155400000000000000000000000000000300920070089002330000079060000010002079060000
000000002110926614530920074012998103296700000004101020010000000000022980000000000018171000000100000000000000000000000000155400000000000000000000000000000300920070089002330000079060000010002079060000
000000002210926614530920071012998103296700000004101020010000000000022980000000000018171000000100000000000000000000000000155400000000000000000000000000000300920070089002330000079060000010002079060000
000000002310926614530920071011999103296700000004101020010000000000007980000000000006301000000100000000000000000000000000155400000000000000000000000000000300920070089002330000079060000010002079060000
000000002410926614530920073010003103296700000003301010010000000000023800000000000018691000000100000000000000000000000000155400000000000000000000000000000010920070089002330000078970000010002078970000
000000002510926614530920073020003103296700000003301010010000000000205140000000000160901000000100000000000000000000000000155400000000000000000000000000000300920070089002330000078470000010002078470000
000000002610926614530920074011998103296700000003301010010000000000251820000000000195191000000100000000000000000000000000155400000000000000000000000000000300920070089002330000078470000010002078470000
000000002710926614530920071011998103296700000003301010010000000000251820000000000195191000000100000000000000000000000000155400000000000000000000000000000300920070089002330000078470000010002078470000
000000002810926614530920074012998103296700000003301010010000000000070480000000000052981000000100000000000000000000000000155400000000000000000000000000000300920070089002330000078470000010002078470000
000000002910926614530920071012998103296700000003301010010000000000070480000000000052981000000100000000000000000000000000155400000000000000000000000000000300920070089002330000078470000010002078470000
000000003010926614530920071011999103296700000003301010010000000000001820000000000000981000000100000000000000000000000000155400000000000000000000000000000300920070089002330000078470000010002078470000
000000003110926614530920073010003103296700000003302010080000000000042900000000000037251000000100000000000000000000000000155400000000000000000000000000000010920070089002330000086960000010002086960000
000000003210926614530920073020003103296700000003302010080000000000028730000000000024941000000100000000000000000000000000155400000000000000000000000000000300920070089002330000086960000010002086960000
000000003310926614530920074011998103296700000003302010080000000000030380000000000026361000000100000000000000000000000000155400000000000000000000000000000300920070089002330000086770000010002086770000
000000003410926614530920071011998103296700000003302010080000000000030380000000000026361000000100000000000000000000000000155400000000000000000000000000000300920070089002330000086770000010002086770000
000000003510926614530920074012998103296700000003302010080000000000044550000000000038671000000100000000000000000000000000155400000000000000000000000000000300920070089002330000086770000010002086770000
000000003610926614530920071012998103296700000003302010080000000000036000000000000031251000000100000000000000000000000000155400000000000000000000000000000300920070089002330000086770000010002086770000
000000003710926614530920071022003103296700000003302010080000000000008550000000000007421000000100000000000000000000000000155400000000000000000000000000000300920070089002330000086770000010002086770000
000000003810926614530920071022998103296700000003302010080000000000008550000000000007421000000100000000000000000000000000155400000000000000000000000000000300920070089002330000086770000010002086770000
000000003910926614530920073010003103296700000003301010050000000000127000000000000092291000000100000000000000000000000000155400000000000000000000000000000010920070089002330000072870000010002072870000
000000004010926614530920073020003103296700000003301010050000000000128870000000000093761000000100000000000000000000000000155400000000000000000000000000000300920070089002330000072870000010002072870000
000000004110926614530920074011998103296700000003301010050000000000161290000000000117161000000100000000000000000000000000155400000000000000000000000000000300920070089002330000072640000010002072640000
000000004210926614530920071011998103296700000003301010050000000000161290000000000117161000000100000000000000000000000000155400000000000000000000000000000300920070089002330000072640000010002072640000
000000004310926614530920074012998103296700000003301010050000000000159420000000000115671000000100000000000000000000000000155400000000000000000000000000000300920070089002330000072640000010002072640000
000000004410926614530920071012998103296700000003301010050000000000069090000000000050351000000100000000000000000000000000155400000000000000000000000000000300920070089002330000072640000010002072640000
000000004510926614530920071022003103296700000003301010050000000000090330000000000065321000000100000000000000000000000000155400000000000000000000000000000300920070089002330000072640000010002072640000
000000004610926614530920071022998103296700000003301010050000000000090330000000000065321000000100000000000000000000000000155400000000000000000000000000000300920070089002330000072640000010002072640000
000000004710926614530920073010003103296700000003301010020000000000017160000000000012111000000100000000000000000000000000155400000000000000000000000000000010920070089002330000070620000010002070620000
000000004810926614530920073020003103296700000003301010020000000000022610000000000015951000000100000000000000000000000000155400000000000000000000000000000300920070089002330000070620000010002070620000
000000004910926614530920074011998103296700000003301010020000000000029800000000000021041000000100000000000000000000000000155400000000000000000000000000000300920070089002330000070620000010002070620000
000000005010926614530920071011998103296700000003301010020000000000029800000000000021041000000100000000000000000000000000155400000000000000000000000000000300920070089002330000070620000010002070620000
000000005110926614530920074012998103296700000003301010020000000000024350000000000017201000000100000000000000000000000000155400000000000000000000000000000300920070089002330000070620000010002070620000
000000005210926614530920071012998103296700000003301010020000000000022000000000000015511000000100000000000000000000000000155400000000000000000000000000000300920070089002330000070620000010002070620000
000000005310926614530920071022003103296700000003301010020000000000002350000000000001691000000100000000000000000000000000155400000000000000000000000000000300920070089002330000070620000010002070620000
000000005410926614530920071022998103296700000003301010020000000000002350000000000001691000000100000000000000000000000000155400000000000000000000000000000300920070089002330000070620000010002070620000
000000005510926614530920071012002103296700000003301010050000000000000180000000000000131000000192781335000102000799425501155400000000000000000000008397804030920070089002330000071000000010002071000000
000000005610926614530920071011001103296710362853302010020000000000130400000000000112981000000188948492000192000825820991155400000000000000000000040470404030920070089002330000086640000010002086640000
000000005710926614530920071012002103296700000003301010010000000000001000000000000000791000000191506550000132000751718211155400000000000000000000008397904030920070089002330000078920000010002078920000
000000005810926614530920071011001103296710362853302010080000000000030380000000000026361000000188948492000192000825820991155400000000000000000000040470604030920070089002330000086770000010002086770000
000000005910926614530920071012002103296700000003302010020000000000002000000000000001741000000106914398000158000753320291155400000000000000000000008398504030920070089002330000086800000010002086800000
000000006010926614530920071012002103296700000003301010010000000000001380000000000000981000000198586688000138000828847415155400000000000000000000008399404030920070089002330000071000000010002071000000
000000006110926614530920071012002103296700000003302010030000000000004000000000000003471000000192544196000101000776728330155400000000000000000000008399504030920070089002330000086650000010002086650000
000000006210926614530920071012002103296700000003301010050000000000002000000000000001461000000103483185000120000852128330155400000000000000000000008400304030920070089002330000072870000010002072870000
000000006310926614530920071012002103296700000003302010080000000000030000000000000026031000000193183267000142000756620738155400000000000000000000008401504030920070089002330000086770000010002086770000
000000006410926614530920071012002103296700000003301010050000000000000180000000000000131000000173379018000110000850747415155400000000000000000000008402004030920070089002330000072867000010002072866700
000000006510926614530920071012002103296700000003302010020000000000050000000000000043321000000108338687000181000756620711155400000000000000000000008402204030920070089002330000086640000010002086640000
000000006610926614530920071012002103296700000003302010020000000000010000000000000008681000000190233826000193000756615106155400000000000000000000008402304030920070089002330000086800000010002086800000
000000006710926614530920071012002103296700000003301010010000000000000600000000000000431000000192661453000268000799447415155400000000000000000000008400404030920070089002330000071000000010002071000000
000000006810926614530920071012002103296700000003301010050000000000001680000000000001231000000192661453000268000799447415155400000000000000000000008400404030920070089002330000072870000010002072870000
000000006910926614530920071012002103296700000003301010050000000000000720000000000000521000000104979039000153000818022293155400000000000000000000008402704040920070089002330000072870000010002072870000
000000007010926614530920071012002103296700000003301010050000000000002000000000000001461000000188302591000100000753315211155400000000000000000000008403204040920070089002330000072870000010002072870000
000000007110926614530920071012002103296700000003301010010000000000001000000000000000791000000191777078000172000753346478155400000000000000000000008403504040920070089002330000078920000010002078920000
000000007210926614530920071012002103296700000003301010050000000000002000000000000001461000000193126241000162000799420614155400000000000000000000008403704040920070089002330000072870000010002072870000
000000007310926614530920071012002103296700000003301010050000000000002000000000000001461000000188611835000129000756629301155400000000000000000000008405004040920070089002330000072870000010002072870000
000000007410926614530920071012002103296700000003302010030000000000002000000000000001731000000106066954000183000822428313155400000000000000000000008405904040920070089002330000086650000010002086650000
000000007510926614530920071012002103296700000003301010010000000000000780000000000000561000000101036716000101000850746729155400000000000000000000008406504040920070089002330000071000000010002071000000
000000007610926614530920071012002103296700000003302010030000000000010000000000000008661000000104654447000488000756627104155400000000000000000000008407904040920070089002330000086650000010002086650000
000000007710926614530920071012002103296700000003301010050000000000001260000000000000921000000196735162000147000814622196155400000000000000000000008408904050920070089002330000072870000010002072870000
000000007810926614530920071012002103296700000003302010020000000000010000000000000008681000000102079656000177000751720291155400000000000000000000008409104050920070089002330000086800000010002086800000
000000007910926614530920071012002103296700000003301010050000000000004000000000000002911000000191704981000103000742125993155400000000000000000000008410304050920070089002330000072870000010002072870000
000000008010926614530920071012002103296700000003301010010000000000001000000000000000791000000102027575000123000753320291155400000000000000000000008410704050920070089002330000078920000010002078920000
000000008110926614530920071012002103296700000003301010010000000000000180000000000000131000000105287236000174000766747415155400000000000000000000008410904050920070089002330000071000000010002071000000
000000008210926614530920071012002103296700000003302010030000000000002000000000000001731000000191495499000100000789328330155400000000000000000000008412304050920070089002330000086650000010002086650000
000000008310926614530920071012002103296700000003301010050000000000000900000000000000661000000104979039000153000818022293155400000000000000000000008413004060920070089002330000072870000010002072870000
000000008410926614530920071011001103296710362853302010020000000000050080000000000043391000000188948492000192000825820991155400000000000000000000040513704060920070089002330000086640000010002086640000
000000008510926614530920071012002103296700000003302010030000000000001000000000000000871000000192752468000150000774828330155400000000000000000000008413904060920070089002330000086660000010002086660000
000000008610926614530920071011001103296710362853302010030000000000060240000000000052201000000188948492000192000825820991155400000000000000000000040515004060920070089002330000086650000010002086650000
000000008710926614530920071012002103296700000003302010020000000000004000000000000003471000000102491687000130000756628232155400000000000000000000008414704060920070089002330000086800000010002086800000
000000008810926614530920071011001103296710362853301010050000000000050230000000000036491000000188948492000192000825820991155400000000000000000000040515404060920070089002330000072640000010002072640000
000000008910926614530920071012002103296700000003302010030000000000001000000000000000871000000106205037000132000748225993155400000000000000000000008415004060920070089002330000086660000010002086660000
000000009010926614530920071012002103296700000003301010050000000000000900000000000000661000000104754028000175000850722293155400000000000000000000008415204060920070089002330000072867000010002072866700
000000009110926614530920071012002103296700000003301010010000000000000540000000000000381000000190288655000108000774846796155400000000000000000000008416504060920070089002330000071000000010002071000000
000000009210926614530920071012002103296700000003301010010000000000000180000000000000131000000107061323000134000759347130155400000000000000000000008417204060920070089002330000071000000010002071000000
000000009310926614530920071012002103296700000003302010030000000000002000000000000001731000000189901771000163000818125993155400000000000000000000008418304100920070089002330000086650000010002086650000
000000009410926614530920071012002103296700000003302010030000000000010000000000000008661000000188941125000248000818024512155400000000000000000000008418504100920070089002330000086650000010002086650000
000000009510926614530920071012002103296700000003301010050000000000004000000000000002911000000193785822000106000756629301155400000000000000000000008419304100920070089002330000072870000010002072870000
000000009610926614530920071012002103296700000003302010030000000000010000000000000008661000000104654447000488000756627104155400000000000000000000008419904100920070089002330000086650000010002086650000
000000009710926614530920071012002103296700000003302010030000000000010000000000000008661000000102588815000169000848825438155400000000000000000000008420404100920070089002330000086650000010002086650000
000000009810926614530920071012002103296700000003302010020000000000010000000000000008681000000190233826000193000756615106155400000000000000000000008422104100920070089002330000086800000010002086800000
000000009910926614530920071012002103296700000003301010010000000000000660000000000000471000000104087937000105000815347415155400000000000000000000008422404100920070089002330000071000000010002071000000
000000010010926614530920071012002103296700000003301010050000000000000360000000000000261000000192883110000152000799433163155400000000000000000000008422904110920070089002330000072870000010002072870000
000000010110926614530920071012002103296700000004101020010000000000010000000000000007911000000106914398000158000753320291155400000000000000000000008423404110920070089002330000079060000010002079060000
000000010210926614530920071012002103296700000003302010020000000000002000000000000001741000000106914398000158000753320291155400000000000000000000008423404110920070089002330000086800000010002086800000
000000010310926614530920071012002103296700000003302010030000000000004000000000000003471000000104010746000137000814620711155400000000000000000000008423504110920070089002330000086650000010002086650000
000000010410926614530920071012002103296700000003301010020000000000002000000000000001411000000197328090000186000751720291155400000000000000000000008423604110920070089002330000070620000010002070620000
000000010510926614530920071012002103296700000003302010020000000000020000000000000017331000000192779370000197000753320193155400000000000000000000008424504110920070089002330000086640000010002086640000
000000010610926614530920071012002103296700000004101020010000000000002000000000000001581000000104631244000123000753320193155400000000000000000000008424704110920070089002330000079060000010002079060000
000000010710926614530920071012002103296700000003301010050000000000002000000000000001461000000188611835000129000756629301155400000000000000000000008425704110920070089002330000072870000010002072870000
000000010810926614530920071012002103296700000003302010030000000000002000000000000001731000000191495499000100000789328330155400000000000000000000008426004110920070089002330000086650000010002086650000
000000010910926614530920071012002103296700000004101020010000000000001000000000000000791000000108353181000141000822828291155400000000000000000000008426604110920070089002330000079060000010002079060000
000000011010926614530920071012002103296700000003301010010000000000001200000000000000851000000181549693000178000850747415155400000000000000000000008426804110920070089002330000071000000010002071000000
000000011110926614530920071012002103296700000003301010050000000000002000000000000001461000000103483185000120000852128330155400000000000000000000008426904110920070089002330000072870000010002072870000
000000011210926614530920071012002103296700000003301010010000000000000360000000000000311000000192661453000268000799447415155400000000000000000000008427104110920070089002330000085278000010002085277800
000000011310926614530920071012002103296700000004101020010000000000000540000000000000451000000192661453000268000799447415155400000000000000000000008427104110920070089002330000083884000010002083884400
000000011410926614530920071012002103296700000003301010050000000000000900000000000000661000000192661453000268000799447415155400000000000000000000008427104110920070089002330000072870000010002072870000
000000011510926614530920071012002103296700000003302010030000000000000300000000000000261000000192661453000268000799447415155400000000000000000000008427104110920070089002330000086650000010002086650000
000000011610926614530920071012002103296700000003301010050000000000000540000000000000391000000104979039000153000818022293155400000000000000000000008428904120920070089002330000072870000010002072870000
000000011710926614530920071012002103296700000003302010020000000000020000000000000017331000000192779370000197000753320193155400000000000000000000008429604120920070089002330000086640000010002086640000
000000011810926614530920071012002103296700000003301010010000000000001000000000000000791000000191506550000132000751718211155400000000000000000000008429704120920070089002330000078920000010002078920000
000000011910926614530920071012002103296700000003301010050000000000004000000000000002911000000193976306000169000818020291155400000000000000000000008429904120920070089002330000072870000010002072870000
000000012010926614530920071012002103296700000003301010050000000000002000000000000001461000000188611835000129000756629301155400000000000000000000008430704120920070089002330000072870000010002072870000
000000012110926614530920071012002103296700000003301010050000000000001080000000000000791000000189463822000112000756645111155400000000000000000000008430904120920070089002330000072870000010002072870000
000000012210926614530920071012002103296700000003301010050000000000001800000000000001281000000103848614000116000799446729155400000000000000000000008431004120920070089002330000071000000010002071000000
000000012310926614530920071012002103296700000003301010050000000000000180000000000000131000000106925014000100000756647415155400000000000000000000008431104120920070089002330000071000000010002071000000
000000012410926614530920071012002103296700000004101020010000000000000180000000000000141000000106925014000100000756647415155400000000000000000000008431104120920070089002330000079000000010002079000000
000000012510926614530920071012002103296700000003301010010000000000002880000000000002051000000106925014000100000756647415155400000000000000000000008431204120920070089002330000071000000010002071000000
000000012610926614530920071012002103296700000003301010020000000000004000000000000002821000000107079525000103000814622293155400000000000000000000008431604120920070089002330000070620000010002070620000
000000012710926614530920071012002103296700000003301010020000000000002000000000000001411000000104083190000109000756620711155400000000000000000000008431704120920070089002330000070620000010002070620000
000000012810926614530920071012002103296700000003302010020000000000004000000000000003471000000106914398000158000753320291155400000000000000000000008433304130920070089002330000086800000010002086800000
000000012910926614530920071011001103296710362853302010020000000000099450000000000086161000000188948492000192000825820991155400000000000000000000040585604130920070089002330000086640000010002086640000
000000013010926614530920071012002103296700000003301010020000000000002000000000000001411000000197328090000186000751720291155400000000000000000000008433604130920070089002330000070620000010002070620000
000000013110926614530920071011001103296710362853302010030000000000059440000000000051501000000188948492000192000825820991155400000000000000000000040586004130920070089002330000086650000010002086650000
000000013210926614530920071012002103296700000003301010010000000000000180000000000000151000000102018870000113000774825411155400000000000000000000008435004130920070089002330000085278000010002085277800
000000013310926614530920071011001103296710331823301010010000000000100000000000000078471000000134274233006801000753320991155400000000000000000000014402805130920070089002330000078470000010002078470000
000000013410926614530920071012002103296700000003301010010000000000004000000000000003161000000104010746000137000814620711155400000000000000000000008435204130920070089002330000078970000010002078970000
000000013510926614530920071011001103296710331824101020010000000000050000000000000039531000000134274233006801000753320991155400000000000000000000014402905130920070089002330000079060000010002079060000
000000013610926614530920071012002103296700000003302010030000000000004000000000000003471000000104010746000137000814620711155400000000000000000000008435204130920070089002330000086650000010002086650000
000000013710926614530920071012002103296700000003302010030000000000002000000000000001731000000192865674000177000756645200155400000000000000000000008436304130920070089002330000086650000010002086650000
000000013810926614530920071012002103296700000003302010020000000000006000000000000005211000000102491687000130000756628232155400000000000000000000008436604130920070089002330000086800000010002086800000
000000013910926614530920071012002103296700000003302010030000000000010000000000000008661000000104654447000488000756627104155400000000000000000000008436904130920070089002330000086650000010002086650000
000000014010926614530920071012002103296700000004101020010000000000000180000000000000141000000105950870000145000756646729155400000000000000000000008437104130920070089002330000079000000010002079000000
000000014110926614530920071012002103296700000003302010020000000000010000000000000008681000000192104199000116000771915297155400000000000000000000008439504130920070089002330000086800000010002086800000
000000014210926614530920071012002103296700000003302010020000000000010000000000000008681000000103959238000137000756615106155400000000000000000000008439604130920070089002330000086800000010002086800000
000000014310926614530920071012002103296700000003302010030000000000001000000000000000871000000192752468000150000774828330155400000000000000000000008440004140920070089002330000086660000010002086660000
000000014410926614530920071012002103296700000003301010050000000000002000000000000001461000000188302591000100000753315211155400000000000000000000008440604140920070089002330000072870000010002072870000
000000014510926614530920071012002103296700000003301010010000000000004000000000000003161000000104010746000137000814620711155400000000000000000000008440704140920070089002330000078970000010002078970000
000000014610926614530920071012002103296700000003301010050000000000000900000000000000661000000104979039000153000818022293155400000000000000000000008440804140920070089002330000072870000010002072870000
000000014710926614530920071012002103296700000003301010050000000000000090000000000000061000000188293865000134000777447415155400000000000000000000008441704140920070089002330000071000000010002071000000
000000014810926614530920071012002103296700000003301010010000000000000900000000000000641000000188293865000134000777447415155400000000000000000000008441704140920070089002330000071000000010002071000000
000000014910926614530920071012002103296700000004101020010000000000000360000000000000281000000188293865000134000777447415155400000000000000000000008441704140920070089002330000079000000010002079000000
000000015010926614530920071012002103296700000003302010030000000000004000000000000003471000000192544196000101000776728330155400000000000000000000008442404140920070089002330000086650000010002086650000
000000015110926614530920071012002103296700000003301010050000000000004000000000000002911000000187296778000178000782315106155400000000000000000000008442804140920070089002330000072870000010002072870000
000000015210926614530920071012002103296700000003302010030000000000004000000000000003471000000187296778000178000782315106155400000000000000000000008442804140920070089002330000086650000010002086650000
000000015310926614530920071012002103296700000003302010020000000000010000000000000008681000000190233826000193000756615106155400000000000000000000008443004140920070089002330000086800000010002086800000
000000015410926614530920071012002103296700000004101020010000000000002000000000000001581000000180742109000133000837725993155400000000000000000000008443104140920070089002330000079060000010002079060000
000000015510926614530920071012002103296700000003301010050000000000000900000000000000661000000104754028000175000850722293155400000000000000000000008443204140920070089002330000072867000010002072866700
000000015610926614530920071012002103296700000003301010050000000000002000000000000001461000000188611835000129000756629301155400000000000000000000008444404140920070089002330000072870000010002072870000
000000015710926614530920071012002103296700000003302010080000000000002000000000000001741000000193360162000111000750220738155400000000000000000000008444804170920070089002330000086960000010002086960000
000000015810926614530920071012002103296700000003302010020000000000020000000000000017331000000192779370000197000753320991155400000000000000000000008446704170920070089002330000086640000010002086640000
000000015910926614530920071012002103296700000003302010020000000000002000000000000001741000000102491687000130000756628232155400000000000000000000008448104170920070089002330000086800000010002086800000
000000016010926614530920071012002103296700000003302010030000000000002000000000000001731000000189786602000120000789328330155400000000000000000000008448504170920070089002330000086650000010002086650000
000000016110926614530920071012002103296700000003301010010000000000000180000000000000151000000100497327000110000766947415155400000000000000000000008448604170920070089002330000085278000010002085277800
000000016210926614530920071012002103296700000003301010010000000000000360000000000000261000000178253903000171000850747440155400000000000000000000008449804170920070089002330000071000000010002071000000
000000016310926614530920071012002103296700000003302010030000000000006000000000000005201000000188363775000334000749728330155400000000000000000000008450104170920070089002330000086650000010002086650000
000000016410926614530920071012002103296700000003302010030000000000004000000000000003471000000190292970000109000753325993155400000000000000000000008450604180920070089002330000086650000010002086650000
000000016510926614530920071011001103296710362853301010050000000000050360000000000036581000000188948492000192000825820991155400000000000000000000040638604180920070089002330000072640000010002072640000
000000016610926614530920071012002103296700000003301010010000000000015600000000000011071000000102599632000149000594120711155400000000000000000000008450804180920070089002330000071000000010002071000000
000000016710926614530920071011001103296710362853302010020000000000079730000000000069081000000188948492000192000825820991155400000000000000000000040639204180920070089002330000086640000010002086640000
000000016810926614530920071012002103296700000003301010010000000000000180000000000000151000000104392591000140000774858298155400000000000000000000008451104180920070089002330000085278000010002085277800
000000016910926614530920071011001103296710362853301010020000000000029800000000000021041000000188948492000192000825820991155400000000000000000000040639304180920070089002330000070620000010002070620000
000000017010926614530920071012002103296700000003301010010000000000001000000000000000791000000191777078000172000753346478155400000000000000000000008451204180920070089002330000078920000010002078920000
000000017110926614530920071012002103296700000003301010050000000000000180000000000000131000000103117773000140000799446729155400000000000000000000008451604180920070089002330000071000000010002071000000
000000017210926614530920071012002103296700000004101020010000000000000180000000000000141000000103117773000140000799446729155400000000000000000000008451604180920070089002330000079000000010002079000000
000000017310926614530920071012002103296700000003301010050000000000002000000000000001461000000188611835000129000756629301155400000000000000000000008452504180920070089002330000072870000010002072870000
000000017410926614530920071012002103296700000003302010020000000000010000000000000008681000000188052642000185000774820991155400000000000000000000008453104180920070089002330000086800000010002086800000
000000017510926614530920071012002103296700000003301010010000000000003000000000000002131000000194915402000160000823547440155400000000000000000000008453304180920070089002330000071000000010002071000000
000000017610926614530920071012002103296700000003301010050000000000000540000000000000391000000104979039000153000818022293155400000000000000000000008454004180920070089002330000072870000010002072870000
000000017710926614530920071012002103296700000003301010010000000000004000000000000003161000000103266406000109000857120991155400000000000000000000008454404180920070089002330000078970000010002078970000
000000017810926614530920071012002103296700000003302010030000000000020000000000000017331000000188941125000248000818024512155400000000000000000000008456004180920070089002330000086650000010002086650000
000000017910926614530920071012002103296700000003301010020000000000004000000000000002821000000107079525000103000814622293155400000000000000000000008456704190920070089002330000070620000010002070620000
000000018010926614530920071011001103296710362853302010030000000000100000000000000086651000000188948492000192000825820991155400000000000000000000040651804190920070089002330000086650000010002086650000
000000018110926614530920071012002103296700000003302010030000000000100000000000000086651000000188665146000601000756628330155400000000000000000000008457204190920070089002330000086650000010002086650000
000000018210926614530920071011001103296710362853302010020000000000060000000000000051981000000188948492000192000825820991155400000000000000000000040652104190920070089002330000086640000010002086640000
000000018310926614530920071012002103296700000003302010020000000000010000000000000008681000000102079656000177000751720291155400000000000000000000008457304190920070089002330000086800000010002086800000
000000018410926614530920071012002103296700000003302010030000000000004000000000000003471000000104010746000137000814620711155400000000000000000000008457504190920070089002330000086650000010002086650000
000000018510926614530920071012002103296700000003301010050000000000002000000000000001461000000193899359000123000828827511155400000000000000000000008457904190920070089002330000072870000010002072870000
000000018610926614530920071012002103296700000003302010030000000000001000000000000000871000000106205037000132000748225993155400000000000000000000008458904190920070089002330000086660000010002086660000
000000018710926614530920071012002103296700000003302010020000000000004000000000000003471000000102491687000130000756628232155400000000000000000000008459304190920070089002330000086800000010002086800000
000000018810926614530920071012002103296700000003302010020000000000020000000000000017331000000192779370000197000753320193155400000000000000000000008459404190920070089002330000086640000010002086640000
000000018910926614530920071012002103296700000003302010030000000000010000000000000008661000000102588815000169000848825438155400000000000000000000008459504190920070089002330000086650000010002086650000
000000019010926614530920071012002103296700000003302010030000000000002000000000000001731000000192910405000185000799431012155400000000000000000000008461904210920070089002330000086650000010002086650000
000000019110926614530920071012002103296700000003301010050000000000000900000000000000661000000104979039000153000818022293155400000000000000000000008463104210920070089002330000072870000010002072870000
000000019210926614530920071012002103296700000003301010010000000000001080000000000000771000000194616026000102000824547423155400000000000000000000008463304210920070089002330000071000000010002071000000
000000019310926614530920071012002103296700000004101020010000000000000360000000000000281000000194616026000102000824547423155400000000000000000000008463304210920070089002330000079000000010002079000000
000000019410926614530920071012002103296700000003301010050000000000002000000000000001461000000188611835000129000756629301155400000000000000000000008463404210920070089002330000072870000010002072870000
000000019510926614530920071012002103296700000003301010050000000000002000000000000001461000000190295338000100000828825993155400000000000000000000008463504210920070089002330000072870000010002072870000
000000019610926614530920071012002103296700000003302010030000000000001000000000000000871000000100702802000143000810528330155400000000000000000000008463604210920070089002330000086660000010002086660000
000000019710926614530920071012002103296700000003302010020000000000010000000000000008681000000190233826000193000756615106155400000000000000000000008463704210920070089002330000086800000010002086800000
000000019810926614530920071012002103296700000003301010010000000000000180000000000000151000000103532480000120000774820622155400000000000000000000008463904210920070089002330000085278000010002085277800
000000019910926614530920071012002103296700000004101020010000000000002000000000000001581000000162004395006199000774818130155400000000000000000000008464604210920070089002330000079060000010002079060000
000000020010926614530920071012002103296700000003302010080000000000004000000000000003481000000103266406000109000857120991155400000000000000000000008464804210920070089002330000086960000010002086960000
000000020110926614530920071012002103296700000003301010050000000000000900000000000000661000000104754028000175000850722293155400000000000000000000008464904210920070089002330000072867000010002072866700
000000020210926614530920071012002103296700000003301010050000000000002000000000000001461000000103483185000120000852128330155400000000000000000000008465904210920070089002330000072870000010002072870000
000000020310926614530920071012002103296700000003302010020000000000020000000000000017331000000192779370000197000753320991155400000000000000000000008467104240920070089002330000086640000010002086640000
000000020410926614530920071012002103296700000003301010010000000000002000000000000001581000000102027575000123000753320291155400000000000000000000008467304240920070089002330000078970000010002078970000
000000020510926614530920071012002103296700000003302010020000000000010000000000000008681000000192104199000116000771915297155400000000000000000000008469104240920070089002330000086800000010002086800000
000000020610926614530920071012002103296700000003302010030000000000002000000000000001731000000104010746000137000814620711155400000000000000000000008469304240920070089002330000086650000010002086650000
000000020710926614530920071012002103296700000003301010010000000000002000000000000001581000000104010746000137000814620711155400000000000000000000008469404240920070089002330000078970000010002078970000
000000020810926614530920071012002103296700000003301010010000000000001000000000000000791000000191506550000132000751718211155400000000000000000000008469504240920070089002330000078920000010002078920000
000000020910926614530920071012002103296700000003301010010000000000000600000000000000431000000187237731000133000799446729155400000000000000000000008469904240920070089002330000071000000010002071000000
000000021010926614530920071012002103296700000003302010020000000000010000000000000008681000000103959238000137000756615106155400000000000000000000008470104240920070089002330000086800000010002086800000
000000021110926614530920071012002103296700000003302010020000000000004000000000000003471000000104405220000237000756020193155400000000000000000000008470404240920070089002330000086800000010002086800000
000000021210926614530920071012002103296700000003302010030000000000002000000000000001731000000104405220000237000756020193155400000000000000000000008470404240920070089002330000086650000010002086650000
000000021310926614530920071012002103296700000003301010010000000000004000000000000003161000000107612050000179000870099999155400000000000000000000008470704240920070089002330000078970000010002078970000
000000021410926614530920071012002103296700000003302010030000000000022000000000000019061000000101431488000174000756620991155400000000000000000000008472404240920070089002330000086650000010002086650000
000000021510926614530920071012002103296700000003302010020000000000002000000000000001741000000102491687000130000756628232155400000000000000000000008472504240920070089002330000086800000010002086800000
000000021610926614530920071012002103296700000003302010030000000000001000000000000000871000000192752468000150000774828330155400000000000000000000008473404250920070089002330000086660000010002086660000
000000021710926614530920071011001103296710362853302010020000000000099470000000000086181000000188948492000192000825820991155400000000000000000000040712104250920070089002330000086640000010002086640000
000000021810926614530920071012002103296700000003301010050000000000000540000000000000391000000104979039000153000818022293155400000000000000000000008473904250920070089002330000072870000010002072870000
000000021910926614530920071011001103296710362853302010030000000000059890000000000051891000000188948492000192000825820991155400000000000000000000040714004250920070089002330000086650000010002086650000
000000022010926614530920071012002103296700000003301010050000000000002000000000000001461000000103705616000156000750225438155400000000000000000000008474304250920070089002330000072870000010002072870000
000000022110926614530920071012002103296700000003301010050000000000002000000000000001461000000188302591000100000753315211155400000000000000000000008475804250920070089002330000072870000010002072870000
000000022210926614530920071012002103296700000003301010020000000000004000000000000002821000000193976306000169000818020291155400000000000000000000008476104250920070089002330000070620000010002070620000
000000022310926614530920071012002103296700000003302010030000000000002000000000000001731000000106276626000101000750232990155400000000000000000000008476904250920070089002330000086650000010002086650000
000000022410926614530920071012002103296700000003302010030000000000010000000000000008661000000104654447000488000756627104155400000000000000000000008478904250920070089002330000086650000010002086650000
000000022510926614530920071012002103296700000003302010030000000000024000000000000020801000000188941125000248000818024512155400000000000000000000008479104250920070089002330000086650000010002086650000
000000022610926614530920071012002103296700000004101020010000000000002000000000000001581000000101913718000131000850725918155400000000000000000000008479204250920070089002330000079060000010002079060000
000000022710926614530920071012002103296700000003301010010000000000000360000000000000311000000192661453000268000799447415155400000000000000000000008477204250920070089002330000085278000010002085277800
000000022810926614530920071012002103296700000003302010020000000000010000000000000008681000000102079656000177000751720291155400000000000000000000008479604260920070089002330000086800000010002086800000
000000022910926614530920071012002103296700000003302010020000000000020000000000000017331000000194661428000129000791820991155400000000000000000000008480104260920070089002330000086640000010002086640000
000000023010926614530920071012002103296700000003301010050000000000002000000000000001461000000188611835000129000756629301155400000000000000000000008480504260920070089002330000072870000010002072870000
000000023110926614530920071012002103296700000003302010030000000000002000000000000001731000000191495499000100000789328330155400000000000000000000008480804260920070089002330000086650000010002086650000
000000023210926614530920071012002103296700000003302010030000000000010000000000000008661000000104654447000488000756627104155400000000000000000000008481104260920070089002330000086650000010002086650000
000000023310926614530920071012002103296700000003301010010000000000000780000000000000561000000107840977000166000756647130155400000000000000000000008481204260920070089002330000071000000010002071000000
000000023410926614530920071012002103296700000003301010050000000000000560000000000000411000000187237731000133000799446729155400000000000000000000008481304260920070089002330000072870000010002072870000
000000023510926614530920071012002103296700000003301010050000000000002000000000000001461000000193126241000162000799420614155400000000000000000000008481404260920070089002330000072870000010002072870000
000000023610926614530920071012002103296700000003301010010000000000003300000000000002341000000105653450000288000807920711155400000000000000000000008481504260920070089002330000071000000010002071000000
000000023710926614530920071012002103296700000003301010010000000000002000000000000001581000000107612050000179000870099999155400000000000000000000008482104260920070089002330000078970000010002078970000
000000023810926614530920071012002103296700000003302010020000000000002000000000000001741000000102491687000130000756628232155400000000000000000000008483304260920070089002330000086800000010002086800000
000000023910926614530920071012002103296700000004101020010000000000002000000000000001581000000106914398000158000753320291155400000000000000000000008483804270920070089002330000079060000010002079060000
000000024010926614530920071011001103296710362853302010030000000000100400000000000087001000000188948492000192000825820991155400000000000000000000040735404270920070089002330000086650000010002086650000
000000024110926614530920071012002103296700000003302010030000000000002000000000000001731000000190292970000109000753325993155400000000000000000000008484904270920070089002330000086650000010002086650000
000000024210926614530920071011001103296710362853301010050000000000060700000000000044091000000188948492000192000825820991155400000000000000000000040736104270920070089002330000072640000010002072640000
000000024310926614530920071012002103296700000003302010030000000000004000000000000003471000000192748904000118000774824512155400000000000000000000008485104270920070089002330000086650000010002086650000
000000024410926614530920071011001103296710331823301010010000000000150000000000000117701000000134274233006801000753320991155400000000000000000000015089305270920070089002330000078470000010002078470000
000000024510926614530920071012002103296700000003301010010000000000002000000000000001581000000173321655000135000846318121155400000000000000000000008486704270920070089002330000078970000010002078970000
000000024610926614530920071012002103296700000003302010020000000000002000000000000001741000000106914398000158000753320291155400000000000000000000008487404280920070089002330000086800000010002086800000
000000024710926614530920071012002103296700000003301010050000000000000540000000000000391000000104979039000153000818022293155400000000000000000000008487504280920070089002330000072870000010002072870000
000000024810926614530920071012002103296700000003301010010000000000004000000000000003161000000104010746000137000814620711155400000000000000000000008488204280920070089002330000078970000010002078970000
000000024910926614530920071012002103296700000003302010020000000000002000000000000001741000000104010746000137000814620711155400000000000000000000008488204280920070089002330000086800000010002086800000
000000025010926614530920071012002103296700000003301010020000000000004000000000000002821000000107079525000103000814622293155400000000000000000000008488304280920070089002330000070620000010002070620000
000000025110926614530920071012002103296700000003302010020000000000010000000000000008681000000190233826000193000756615106155400000000000000000000008488904280920070089002330000086800000010002086800000
000000025210926614530920071012002103296700000003302010020000000000002000000000000001741000000102491687000130000756628232155400000000000000000000008489104280920070089002330000086800000010002086800000
000000025310926614530920071012002103296700000003302010030000000000000180000000000000161000000189271498000130000756646184155400000000000000000000008489204280920070089002330000086650000010002086650000
000000025410926614530920071012002103296700000003301010010000000000000300000000000000211000000105566662000147000858024512155400000000000000000000008490704280920070089002330000071000000010002071000000
000000025510926614530920071012002103296700000003301010050000000000000360000000000000261000000190552472000140000793332124155400000000000000000000008491404280920070089002330000071000000010002071000000
000000025610926614530920071012002103296700000003301010010000000000000720000000000000511000000190552472000140000793332124155400000000000000000000008491404280920070089002330000071000000010002071000000
000000025710926614530920071012002103296700000004101020010000000000000180000000000000141000000190552472000140000793332124155400000000000000000000008491404280920070089002330000079000000010002079000000
