000000000010926614530320070000259
000000000110926614530320073010003103296700000003302010020000000000130060000000000112681000000100000000000000000000000000155400000000000000000000000000000010320070089002330000110000000010002110000000
000000000210926614530320073020003103296700000003302010020000000000150480000000000130421000000100000000000000000000000000155400000000000000000000000000000310320070089002330000110000000010002110000000
000000000310926614530320074011998103296700000003302010020000000000415900000000000360341000000100000000000000000000000000155400000000000000000000000000000310320070089002330000086640000010002086640000
000000000410926614530320071011998103296700000003302010020000000000415900000000000360341000000100000000000000000000000000155400000000000000000000000000000310320070089002330000086640000010002086640000
000000000510926614530320074012998103296700000003302010020000000000395480000000000342601000000100000000000000000000000000155400000000000000000000000000000310320070089002330000086800000010002086800000
000000000610926614530320071012998103296700000003302010020000000000124000000000000107601000000100000000000000000000000000155400000000000000000000000000000310320070089002330000086800000010002086800000
000000000710926614530320071022003103296700000003302010020000000000271480000000000235001000000100000000000000000000000000155400000000000000000000000000000310320070089002330000086800000010002086800000
000000000810926614530320071022998103296700000003302010020000000000271480000000000235001000000100000000000000000000000000155400000000000000000000000000000310320070089002330000086800000010002086800000
000000000910926614530320073010003103296700000003302010030000000000230040000000000199331000000100000000000000000000000000155400000000000000000000000000000010320070089002330000086650000010002086650000
000000001010926614530320073020003103296700000003302010030000000000136260000000000118071000000100000000000000000000000000155400000000000000000000000000000310320070089002330000086650000010002086650000
000000001110926614530320074011998103296700000003302010030000000000217980000000000188881000000100000000000000000000000000155400000000000000000000000000000310320070089002330000086650000010002086650000
000000001210926614530320071011998103296700000003302010030000000000217980000000000188881000000100000000000000000000000000155400000000000000000000000000000310320070089002330000086650000010002086650000
000000001310926614530320074012998103296700000003302010030000000000311760000000000270141000000100000000000000000000000000155400000000000000000000000000000310320070089002330000086650000010002086650000
000000001410926614530320071012998103296700000003302010030000000000239900000000000207871000000100000000000000000000000000155400000000000000000000000000000310320070089002330000086650000010002086650000
000000001510926614530320071022003103296700000003302010030000000000071860000000000062261000000100000000000000000000000000155400000000000000000000000000000310320070089002330000086650000010002086650000
000000001610926614530320071022998103296700000003302010030000000000071860000000000062261000000100000000000000000000000000155400000000000000000000000000000310320070089002330000086650000010002086650000
000000001710926614530320073010003103296700000004101020010000000000012740000000000010181000000100000000000000000000000000155400000000000000000000000000000010320070089002330000079060000010002079060000
000000001810926614530320073020003103296700000004101020010000000000045920000000000036381000000100000000000000000000000000155400000000000000000000000000000310320070089002330000079060000010002079060000
000000001910926614530320074011998103296700000004101020010000000000050000000000000039531000000100000000000000000000000000155400000000000000000000000000000310320070089002330000079060000010002079060000
000000002010926614530320071011998103296700000004101020010000000000050000000000000039531000000100000000000000000000000000155400000000000000000000000000000310320070089002330000079060000010002079060000
000000002110926614530320074012998103296700000004101020010000000000016820000000000013331000000100000000000000000000000000155400000000000000000000000000000310320070089002330000079060000010002079060000
000000002210926614530320071012998103296700000004101020010000000000016720000000000013251000000100000000000000000000000000155400000000000000000000000000000310320070089002330000079060000010002079060000
000000002310926614530320071022003103296700000004101020010000000000000100000000000000081000000100000000000000000000000000155400000000000000000000000000000310320070089002330000079060000010002079060000
000000002410926614530320071022998103296700000004101020010000000000000100000000000000081000000100000000000000000000000000155400000000000000000000000000000310320070089002330000079060000010002079060000
000000002510926614530320073010003103296700000003301010010000000000024660000000000019121000000100000000000000000000000000155400000000000000000000000000000010320070089002330000078970000010002078970000
000000002610926614530320073020003103296700000003301010010000000000001430000000000001161000000100000000000000000000000000155400000000000000000000000000000310320070089002330000078970000010002078970000
000000002710926614530320074011998103296700000003301010010000000000100000000000000078471000000100000000000000000000000000155400000000000000000000000000000310320070089002330000078470000010002078470000
000000002810926614530320071011998103296700000003301010010000000000100000000000000078471000000100000000000000000000000000155400000000000000000000000000000310320070089002330000078470000010002078470000
000000002910926614530320074012998103296700000003301010010000000000123240000000000096431000000100000000000000000000000000155400000000000000000000000000000310320070089002330000078470000010002078470000
000000003010926614530320071012998103296700000003301010010000000000128200000000000095741000000100000000000000000000000000155400000000000000000000000000000310320070089002330000078470000010002078470000
0000000031109266145303200710220031032967000000033010100100000000000-4960000000000000691000000100000000000000000000000000155400000000000000000000000000000310320070089002330000078470000010002078470000
0000000032109266145303200710229981032967000000033010100100000000000-4960000000000000691000000100000000000000000000000000155400000000000000000000000000000310320070089002330000078470000010002078470000
000000003310926614530320073010003103296700000003302010080000000000047100000000000040881000000100000000000000000000000000155400000000000000000000000000000010320070089002330000086960000010002086960000
000000003410926614530320073020003103296700000003302010080000000000015790000000000013711000000100000000000000000000000000155400000000000000000000000000000310320070089002330000086960000010002086960000
000000003510926614530320074011998103296700000003302010080000000000000000000000000000001000000100000000000000000000000000155400000000000000000000000000000310320070089002330000086770000010002086770000
000000003610926614530320071011998103296700000003302010080000000000000000000000000000001000000100000000000000000000000000155400000000000000000000000000000310320070089002330000086770000010002086770000
000000003710926614530320074012998103296700000003302010080000000000031310000000000027171000000100000000000000000000000000155400000000000000000000000000000310320070089002330000086960000010002086960000
000000003810926614530320071012998103296700000003302010080000000000004000000000000003481000000100000000000000000000000000155400000000000000000000000000000310320070089002330000086960000010002086960000
000000003910926614530320071022003103296700000003302010080000000000027310000000000023691000000100000000000000000000000000155400000000000000000000000000000310320070089002330000086960000010002086960000
000000004010926614530320071022998103296700000003302010080000000000027310000000000023691000000100000000000000000000000000155400000000000000000000000000000310320070089002330000086960000010002086960000
000000004110926614530320073010003103296700000003301010050000000000103110000000000074911000000100000000000000000000000000155400000000000000000000000000000010320070089002330000072870000010002072870000
000000004210926614530320073020003103296700000003301010050000000000079080000000000057511000000100000000000000000000000000155400000000000000000000000000000310320070089002330000072870000010002072870000
000000004310926614530320074011998103296700000003301010050000000001546800000000001123431000000100000000000000000000000000155400000000000000000000000000000310320070089002330000072560000010002072560000
000000004410926614530320071011998103296700000003301010050000000001546800000000001123431000000100000000000000000000000000155400000000000000000000000000000310320070089002330000072560000010002072560000
000000004510926614530320074012998103296700000003301010050000000001570820000000001140821000000100000000000000000000000000155400000000000000000000000000000310320070089002330000071000000010002071000000
000000004610926614530320071012998103296700000003301010050000000001462340000000001062311000000100000000000000000000000000155400000000000000000000000000000310320070089002330000071000000010002071000000
000000004710926614530320071022003103296700000003301010050000000000108480000000000078521000000100000000000000000000000000155400000000000000000000000000000310320070089002330000071000000010002071000000
000000004810926614530320071022998103296700000003301010050000000000108480000000000078521000000100000000000000000000000000155400000000000000000000000000000310320070089002330000071000000010002071000000
000000004910926614530320073010003103296700000003301010020000000000001710000000000001201000000100000000000000000000000000155400000000000000000000000000000010320070089002330000070620000010002070620000
000000005010926614530320073020003103296700000003301010020000000000029290000000000020671000000100000000000000000000000000155400000000000000000000000000000310320070089002330000070620000010002070620000
000000005110926614530320074011998103296700000003301010020000000000049980000000000035301000000100000000000000000000000000155400000000000000000000000000000310320070089002330000070620000010002070620000
000000005210926614530320071011998103296700000003301010020000000000049980000000000035301000000100000000000000000000000000155400000000000000000000000000000310320070089002330000070620000010002070620000
000000005310926614530320074012998103296700000003301010020000000000022400000000000015821000000100000000000000000000000000155400000000000000000000000000000310320070089002330000070620000010002070620000
000000005410926614530320071012998103296700000003301010020000000000022720000000000015981000000100000000000000000000000000155400000000000000000000000000000310320070089002330000070620000010002070620000
00000000551092661453032007102200310329670000000330101002000000000000-32000000000000-161000000100000000000000000000000000155400000000000000000000000000000310320070089002330000070620000010002070620000
00000000561092661453032007102299810329670000000330101002000000000000-32000000000000-161000000100000000000000000000000000155400000000000000000000000000000310320070089002330000070620000010002070620000
000000005710926614530320071012002103296700000003302010030000000000001000000000000000871000000192752468000150000774828330155400000000000000000000007815904010320070089002330000086660000010002086660000
000000005810926614530320071011001103296710362853301010050000000000296600000000000215451000000100000000000000000000000000155400000000000000000000038277204010320070089002330000072640000010002072640000
000000005910926614530320071012002103296700000003302010030000000000002000000000000001731000000190292970000109000000000000155400000000000000000000007816904010320070089002330000086650000010002086650000
000000006010926614530320071012002103296700000003302010030000000000100000000000000086651000000188665146000601000000000000155400000000000000000000007817104010320070089002330000086650000010002086650000
000000006110926614530320071012002103296700000003302010030000000000050000000000000043321000000193183267000142000000000000155400000000000000000000007817204010320070089002330000086650000010002086650000
000000006210926614530320071012002103296700000004101020010000000000000360000000000000301000000192661453000268000799447415155400000000000000000000007818904010320070089002330000083884000010002083884400
000000006310926614530320071012002103296700000003301010010000000000000360000000000000311000000192661453000268000799447415155400000000000000000000007818904010320070089002330000085278000010002085277800
000000006410926614530320071012002103296700000003301010050000000000000300000000000000221000000192661453000268000799447415155400000000000000000000007818904010320070089002330000072870000010002072870000
000000006510926614530320071012002103296700000003301010050000000000300000000000000217921000000106303981000122000000000000155400000000000000000000007819204010320070089002330000072640000010002072640000
000000006610926614530320071012002103296700000004101020010000000000000300000000000000241000000101799357000144000000000000155400000000000000000000007819904020320070089002330000079060000010002079060000
000000006710926614530320071011001103296710362853301010020000000000049980000000000035301000000100000000000000000000000000155400000000000000000000038287804020320070089002330000070620000010002070620000
000000006810926614530320071012002103296700000004101020010000000000000180000000000000141000000190552472000140000793332124155400000000000000000000007820704020320070089002330000079000000010002079000000
000000006910926614530320071011001103296710362853302010020000000000049510000000000042901000000100000000000000000000000000155400000000000000000000038290304020320070089002330000086640000010002086640000
000000007010926614530320071012002103296700000003301010010000000000000720000000000000511000000190552472000140000793332124155400000000000000000000007820704020320070089002330000071000000010002071000000
000000007110926614530320071011001103296710362853302010030000000000059670000000000051701000000100000000000000000000000000155400000000000000000000038291204020320070089002330000086650000010002086650000
000000007210926614530320071012002103296700000003301010010000000000000300000000000000211000000190552472000140000793332124155400000000000000000000007820704020320070089002330000071000000010002071000000
000000007310926614530320071012002103296700000003301010050000000000001000000000000000731000000189688287000106000829415297155400000000000000000000007820804020320070089002330000072870000010002072870000
000000007410926614530320071012002103296700000003301010050000000000000360000000000000261000000192661453000268000799447415155400000000000000000000007821104020320070089002330000072870000010002072870000
000000007510926614530320071012002103296700000003302010030000000000020000000000000017331000000187288940000297000793828330155400000000000000000000007821804020320070089002330000086650000010002086650000
000000007610926614530320071012002103296700000003302010030000000000001000000000000000871000000100702802000143000810528330155400000000000000000000007821904020320070089002330000086660000010002086660000
000000007710926614530320071012002103296700000003302010020000000000010000000000000008681000000190233826000193000756615106155400000000000000000000007822004020320070089002330000086800000010002086800000
000000007810926614530320071012002103296700000003302010030000000000004000000000000003471000000188363775000334000749728330155400000000000000000000007822104020320070089002330000086650000010002086650000
000000007910926614530320071012002103296700000004101020010000000000000180000000000000141000000191004838000109000000000000155400000000000000000000007822404020320070089002330000079000000010002079000000
000000008010926614530320071012002103296700000003301010010000000000010000000000000007891000000192726785000100000774431012155400000000000000000000007822504020320070089002330000078920000010002078920000
000000008110926614530320071012002103296700000003302010030000000000000180000000000000161000000106048240000142000000000000155400000000000000000000007822704020320070089002330000086650000010002086650000
000000008210926614530320071012002103296700000003302010030000000000002000000000000001731000000175493577000181000843020711155400000000000000000000007822904020320070089002330000086650000010002086650000
000000008310926614530320071012002103296700000003301010010000000000002000000000000001581000000175493577000181000843020711155400000000000000000000007822904020320070089002330000078970000010002078970000
000000008410926614530320071012002103296700000003302010020000000000010000000000000008681000000192104199000116000771915297155400000000000000000000007827404050320070089002330000086800000010002086800000
000000008510926614530320071011001103296710362853301010050000000000297730000000000216271000000100000000000000000000000000155400000000000000000000038321304050320070089002330000072640000010002072640000
000000008610926614530320071012002103296700000003301010010000000000001000000000000000791000000191506550000132000751718211155400000000000000000000007825404050320070089002330000078920000010002078920000
000000008710926614530320071012002103296700000003302010020000000000010000000000000008661000000102491687000130000756628232155400000000000000000000007827704050320070089002330000086640000010002086640000
000000008810926614530320071012002103296700000003302010020000000000002000000000000001741000000104010746000137000814620711155400000000000000000000007829204060320070089002330000086800000010002086800000
000000008910926614530320071011001103296710331823301010010000000000050000000000000039231000000100000000000000000000000000155400000000000000000000005438805060320070089002330000078470000010002078470000
000000009010926614530320071012002103296700000003302010030000000000002000000000000001731000000104010746000137000814620711155400000000000000000000007829204060320070089002330000086650000010002086650000
000000009110926614530320071011001103296700000004101020010000000000050000000000000039531000000100000000000000000000000000155400000000000000000000070732300060320070089002330000079060000010002079060000
000000009210926614530320071012002103296700000003301010010000000000002000000000000001581000000104010746000137000814620711155400000000000000000000007829204060320070089002330000078970000010002078970000
000000009310926614530320071012002103296700000003301010050000000000300000000000000217921000000106303981000122000000000000155400000000000000000000007829504060320070089002330000072640000010002072640000
000000009410926614530320071012002103296700000003301010010000000000000300000000000000211000000187127731000133000799446729155400000000000000000000007830504060320070089002330000071000000010002071000000
000000009510926614530320071012002103296700000003302010020000000000010000000000000008681000000103959238000137000756615106155400000000000000000000007830704060320070089002330000086800000010002086800000
000000009610926614530320071012002103296700000003301010050000000000004000000000000002911000000187296778000178000782315106155400000000000000000000007830804060320070089002330000072870000010002072870000
000000009710926614530320071012002103296700000003301010010000000000001000000000000000791000000193093565000303000000000000155400000000000000000000007833004070320070089002330000078920000010002078920000
000000009810926614530320071011001103296710362853301010050000000000099790000000000072491000000100000000000000000000000000155400000000000000000000038344804070320070089002330000072640000010002072640000
000000009910926614530320071012002103296700000003301010020000000000004000000000000002821000000191889600000108000000000000155400000000000000000000007833204070320070089002330000070620000010002070620000
000000010010926614530320071011001103296710362853301010050000000000295400000000000214581000000100000000000000000000000000155400000000000000000000038348804070320070089002330000072640000010002072640000
000000010110926614530320071012002103296700000003301010010000000000006000000000000004741000000104067129000178000000000000155400000000000000000000007833304070320070089002330000078970000010002078970000
000000010210926614530320071011001103296710362853302010020000000000059090000000000051201000000100000000000000000000000000155400000000000000000000038345404070320070089002330000086640000010002086640000
000000010310926614530320071012002103296700000003302010030000000000002000000000000001731000000190292970000109000000000000155400000000000000000000007833904070320070089002330000086650000010002086650000
000000010410926614530320071012002103296700000003301010010000000000001800000000000001281000000194814142000136000000000000155400000000000000000000007834204070320070089002330000071000000010002071000000
000000010510926614530320071012002103296700000003301010010000000000000180000000000000131000000105287236000174000000000000155400000000000000000000007835204070320070089002330000071000000010002071000000
000000010610926614530320071012002103296700000004101020010000000000002000000000000001581000000194314796000109000753947415155400000000000000000000007835504070320070089002330000079060000010002079060000
000000010710926614530320071012002103296700000003301010010000000000001260000000000000891000000190106790000187000000000000155400000000000000000000007835604070320070089002330000071000000010002071000000
000000010810926614530320071012002103296700000003301010010000000000000600000000000000431000000190106790000187000000000000155400000000000000000000007835604070320070089002330000071000000010002071000000
000000010910926614530320071012002103296700000003301010010000000000000540000000000000381000000106925014000100000756647415155400000000000000000000007835704070320070089002330000071000000010002071000000
000000011010926614530320071012002103296700000003301010010000000000000900000000000000641000000190862004000171000000000000155400000000000000000000007835804070320070089002330000071000000010002071000000
000000011110926614530320071012002103296700000003301010050000000000000900000000000000661000000104754028000175000850722293155400000000000000000000007836004070320070089002330000072867000010002072866700
000000011210926614530320071012002103296700000003302010030000000000001000000000000000871000000106152454000164000000000000155400000000000000000000007836204070320070089002330000086660000010002086660000
000000011310926614530320071012002103296700000003301010010000000000001000000000000000791000000106152454000164000000000000155400000000000000000000007836204070320070089002330000078920000010002078920000
000000011410926614530320071012002103296700000003301010050000000000001080000000000000791000000196735162000147000000000000155400000000000000000000007837604080320070089002330000072870000010002072870000
000000011510926614530320071012002103296700000003301010010000000000004000000000000003161000000194415536000111000000000000155400000000000000000000007837804080320070089002330000078970000010002078970000
000000011610926614530320071012002103296700000003301010050000000000000900000000000000661000000187127731000133000799446729155400000000000000000000007837904080320070089002330000072870000010002072870000
000000011710926614530320071012002103296700000003301010050000000000400000000000000290561000000106303981000122000000000000155400000000000000000000007840604080320070089002330000072640000010002072640000
000000011810926614530320071012002103296700000003302010030000000000001000000000000000871000000192752468000150000774828330155400000000000000000000007840904080320070089002330000086660000010002086660000
000000011910926614530320071012002103296700000003302010020000000000002000000000000001741000000104010746000137000814620711155400000000000000000000007841304080320070089002330000086800000010002086800000
000000012010926614530320071012002103296700000003302010030000000000002000000000000001731000000104010746000137000814620711155400000000000000000000007841304080320070089002330000086650000010002086650000
000000012110926614530320071012002103296700000003301010010000000000001000000000000000791000000191777078000172000753346478155400000000000000000000007844504090320070089002330000078920000010002078920000
000000012210926614530320071012002103296700000004101020010000000000000360000000000000281000000188260120000179000000000000155400000000000000000000007844604090320070089002330000079000000010002079000000
000000012310926614530320071012002103296700000003301010050000000000002000000000000001461000000190295338000100000000000000155400000000000000000000007846504090320070089002330000072870000010002072870000
000000012410926614530320071012002103296700000003302010020000000000010000000000000008681000000190233826000193000756615106155400000000000000000000007848004090320070089002330000086800000010002086800000
000000012510926614530320071012002103296700000003301010010000000000000180000000000000131000000107840977000166000756647130155400000000000000000000007847704090320070089002330000071000000010002071000000
000000012610926614530320071012002103296700000003301010010000000000001200000000000000851000000107840977000166000756647130155400000000000000000000007847704090320070089002330000071000000010002071000000
000000012710926614530320071012002103296700000004101020010000000000002000000000000001581000000106914398000158000753320291155400000000000000000000007848404120320070089002330000079060000010002079060000
000000012810926614530320071012002103296700000003301010050000000000004000000000000002911000000193976306000169000818020291155400000000000000000000007848504120320070089002330000072870000010002072870000
000000012910926614530320071012002103296700000003302010030000000000002000000000000001731000000190292970000109000000000000155400000000000000000000007850404120320070089002330000086650000010002086650000
000000013010926614530320071012002103296700000003302010030000000000002000000000000001731000000192865674000177000756645200155400000000000000000000007851404120320070089002330000086650000010002086650000
000000013110926614530320071012002103296700000003301010010000000000000540000000000000381000000108512257000134000815147440155400000000000000000000007851504120320070089002330000071000000010002071000000
000000013210926614530320071012002103296700000003301010050000000000002000000000000001461000000193899359000123000828827511155400000000000000000000007851604120320070089002330000072870000010002072870000
000000013310926614530320071012002103296700000003301010010000000000000180000000000000151000000104392591000140000000000000155400000000000000000000007851704120320070089002330000085278000010002085277800
000000013410926614530320071012002103296700000003302010030000000000002000000000000001731000000106066954000183000000000000155400000000000000000000007852004120320070089002330000086650000010002086650000
000000013510926614530320071012002103296700000004101020010000000000003000000000000002371000000162004395006199000774818130155400000000000000000000007852304120320070089002330000079060000010002079060000
000000013610926614530320071012002103296700000003301010050000000000002000000000000001461000000103483185000120000852128330155400000000000000000000007852604120320070089002330000072870000010002072870000
000000013710926614530320071012002103296700000003301010010000000000000600000000000000431000000192661453000268000799447415155400000000000000000000007852704120320070089002330000071000000010002071000000
000000013810926614530320071012002103296700000004101020010000000000002000000000000001581000000192696418000101000753328232155400000000000000000000007854904130320070089002330000079060000010002079060000
000000013910926614530320071012002103296700000003302010030000000000002000000000000001731000000197275952000150000741628330155400000000000000000000007855004130320070089002330000086650000010002086650000
000000014010926614530320071012002103296700000004101020010000000000000180000000000000141000000190550427000156000000000000155400000000000000000000007856704130320070089002330000079000000010002079000000
000000014110926614530320071012002103296700000003301010050000000000000900000000000000641000000103848614000116000000000000155400000000000000000000007856904130320070089002330000071000000010002071000000
000000014210926614530320071012002103296700000003301010010000000000012000000000000008521000000105410753000199000756647415155400000000000000000000007857004130320070089002330000071000000010002071000000
000000014310926614530320071012002103296700000003301010010000000000009000000000000006391000000105410753000199000756647415155400000000000000000000007857004130320070089002330000071000000010002071000000
000000014410926614530320071012002103296700000003302010020000000000010000000000000008661000000102491687000130000756628232155400000000000000000000007859504130320070089002330000086640000010002086640000
000000014510926614530320071012002103296700000003301010010000000000002000000000000001581000000102491687000130000756628232155400000000000000000000007859504130320070089002330000078970000010002078970000
000000014610926614530320071012002103296700000003302010030000000000004000000000000003471000000104010746000137000814620711155400000000000000000000007858904130320070089002330000086650000010002086650000
000000014710926614530320071012002103296700000003302010020000000000002000000000000001741000000104010746000137000814620711155400000000000000000000007858904130320070089002330000086800000010002086800000
000000014810926614530320071012002103296700000003301010010000000000001000000000000000791000000190050238000114000000000000155400000000000000000000007860704140320070089002330000078920000010002078920000
000000014910926614530320071012002103296700000003301010050000000000004000000000000002911000000193976306000169000818020291155400000000000000000000007861404140320070089002330000072870000010002072870000
000000015010926614530320071012002103296700000003302010030000000000004000000000000003471000000102588815000169000848825438155400000000000000000000007861604140320070089002330000086650000010002086650000
000000015110926614530320071012002103296700000003301010010000000000005400000000000003831000000105653450000105000000000000155400000000000000000000007862804140320070089002330000071000000010002071000000
000000015210926614530320071012002103296700000003301010010000000000002400000000000001701000000105653450000105000000000000155400000000000000000000007862804140320070089002330000071000000010002071000000
000000015310926614530320071012002103296700000003301010050000000000004000000000000002911000000100215380000181000000000000155400000000000000000000007863304140320070089002330000072870000010002072870000
000000015410926614530320071012002103296700000003301010020000000000004000000000000002821000000106880480000109000791813405155400000000000000000000007863604150320070089002330000070390000010002070390000
000000015510926614530320071011001103296710362853302010020000000000050200000000000043491000000100000000000000000000000000155400000000000000000000038441804150320070089002330000086640000010002086640000
000000015610926614530320071012002103296700000003302010080000000000002000000000000001741000000193360162000111000750220738155400000000000000000000007864004150320070089002330000086960000010002086960000
000000015710926614530320071011001103296710362853302010030000000000049510000000000042901000000100000000000000000000000000155400000000000000000000038444604150320070089002330000086650000010002086650000
000000015810926614530320071012002103296700000003301010020000000000004000000000000002821000000191889600000108000000000000155400000000000000000000007864204150320070089002330000070620000010002070620000
000000015910926614530320071011001103296710362853301010050000000000060340000000000043781000000100000000000000000000000000155400000000000000000000038445004150320070089002330000072560000010002072560000
000000016010926614530320071012002103296700000003302010080000000000002000000000000001741000000103266406000109000000000000155400000000000000000000007866304150320070089002330000086960000010002086960000
000000016110926614530320071012002103296700000003301010050000000000000900000000000000661000000104754028000175000850722293155400000000000000000000007866404150320070089002330000072867000010002072866700
000000016210926614530320071012002103296700000003301010050000000000004000000000000002911000000191704981000103000000000000155400000000000000000000007868204150320070089002330000072870000010002072870000
000000016310926614530320071012002103296700000003302010030000000000001000000000000000871000000192752468000150000774828330155400000000000000000000007869104160320070089002330000086660000010002086660000
000000016410926614530320071011001103296710331823301010010000000000050000000000000039231000000100000000000000000000000000155400000000000000000000005953205160320070089002330000078470000010002078470000
000000016510926614530320071012002103296700000004101020010000000000000360000000000000281000000190256819000107000000000000155400000000000000000000007869904160320070089002330000079000000010002079000000
000000016610926614530320071012002103296700000003301010010000000000000360000000000000261000000190256819000107000000000000155400000000000000000000007869904160320070089002330000071000000010002071000000
000000016710926614530320071012002103296700000003301010010000000000002000000000000001581000000191408138000180000812720614155400000000000000000000007870504160320070089002330000078970000010002078970000
000000016810926614530320071012002103296700000003301010010000000000002000000000000001581000000104010746000137000814620711155400000000000000000000007870704160320070089002330000078970000010002078970000
000000016910926614530320071012002103296700000003302010020000000000002000000000000001741000000104010746000137000814620711155400000000000000000000007870704160320070089002330000086800000010002086800000
000000017010926614530320071012002103296700000003301010010000000000001000000000000000791000000191506550000132000751718211155400000000000000000000007870804160320070089002330000078920000010002078920000
000000017110926614530320071012002103296700000003302010020000000000010000000000000008681000000190233826000193000756615106155400000000000000000000007872304160320070089002330000086800000010002086800000
000000017210926614530320071012002103296700000003302010020000000000002000000000000001741000000192700228000102000000000000155400000000000000000000007873004190320070089002330000086800000010002086800000
000000017310926614530320071011001103296710362853301010050000000000050490000000000036641000000100000000000000000000000000155400000000000000000000038486104190320070089002330000072560000010002072560000
000000017410926614530320071012002103296700000003301010050000000000002000000000000001461000000103705616000156000750225438155400000000000000000000007873104190320070089002330000072870000010002072870000
000000017510926614530320071011001103296710362853302010020000000000059550000000000051591000000100000000000000000000000000155400000000000000000000038486704190320070089002330000086640000010002086640000
000000017610926614530320071012002103296700000003302010030000000000000360000000000000311000000103705616000156000750225438155400000000000000000000007873104190320070089002330000086650000010002086650000
000000017710926614530320071011001103296710362853302010030000000000049850000000000043201000000100000000000000000000000000155400000000000000000000038485804190320070089002330000086650000010002086650000
000000017810926614530320071012002103296700000003301010020000000000000720000000000000471000000192661453000268000799447415155400000000000000000000007873304190320070089002330000064778000010002064777800
000000017910926614530320071012002103296700000003302010030000000000000360000000000000311000000192661453000268000799447415155400000000000000000000007873304190320070089002330000086650000010002086650000
000000018010926614530320071012002103296700000003301010010000000000000540000000000000461000000192661453000268000799447415155400000000000000000000007873304190320070089002330000085278000010002085277800
000000018110926614530320071012002103296700000003301010050000000000001400000000000001021000000127011022000103000799426701155400000000000000000000007874004190320070089002330000072870000010002072870000
000000018210926614530320071012002103296700000003301010010000000000002000000000000001581000000173321655000135000846318121155400000000000000000000007876504190320070089002330000078970000010002078970000
000000018310926614530320071012002103296700000003301010010000000000000720000000000000511000000190297383000102000774846729155400000000000000000000007878004200320070089002330000071000000010002071000000
000000018410926614530320071012002103296700000003302010030000000000002000000000000001731000000191495499000100000789328330155400000000000000000000007878304200320070089002330000086650000010002086650000
000000018510926614530320071012002103296700000003301010050000000000000900000000000000661000000104754028000175000850722293155400000000000000000000007879104200320070089002330000072867000010002072866700
000000018610926614530320071012002103296700000003301010050000000000010000000000000007261000000107735144000135000000000000155400000000000000000000007879404200320070089002330000072560000010002072560000
000000018710926614530320071012002103296700000003301010010000000000000540000000000000381000000106049304000120000000000000155400000000000000000000007881604200320070089002330000071000000010002071000000
000000018810926614530320071012002103296700000003301010010000000000000900000000000000641000000106049304000120000000000000155400000000000000000000007881604200320070089002330000071000000010002071000000
000000018910926614530320071012002103296700000003301010050000000000002000000000000001461000000100727001000132000000000000155400000000000000000000007882004200320070089002330000072870000010002072870000
000000019010926614530320071012002103296700000004101020010000000000002000000000000001581000000100727001000132000000000000155400000000000000000000007882004200320070089002330000079060000010002079060000
000000019110926614530320071012002103296700000003302010030000000000001000000000000000871000000192752468000150000774828330155400000000000000000000007882204210320070089002330000086660000010002086660000
000000019210926614530320071012002103296700000003302010020000000000002000000000000001741000000104010746000137000814620711155400000000000000000000007882404210320070089002330000086800000010002086800000
000000019310926614530320071012002103296700000003302010030000000000002000000000000001731000000104010746000137000814620711155400000000000000000000007882404210320070089002330000086650000010002086650000
000000019410926614530320071012002103296700000003301010020000000000002000000000000001411000000104010746000137000814620711155400000000000000000000007882404210320070089002330000070390000010002070390000
000000019510926614530320071012002103296700000003301010010000000000010000000000000007851000000194415536000111000000000000155400000000000000000000007884204210320070089002330000078470000010002078470000
000000019610926614530320071012002103296700000003302010030000000000002000000000000001731000000175493577000181000843020711155400000000000000000000007884304210320070089002330000086650000010002086650000
000000019710926614530320071012002103296700000003301010010000000000001000000000000000791000000191506550000132000751718211155400000000000000000000007885104220320070089002330000078920000010002078920000
000000019810926614530320071012002103296700000003301010050000000000002000000000000001461000000193785822000106000756629301155400000000000000000000007886404220320070089002330000072870000010002072870000
000000019910926614530320071012002103296700000003301010010000000000004500000000000003201000000106976602000165000000000000155400000000000000000000007886504220320070089002330000071000000010002071000000
000000020010926614530320071012002103296700000003301010010000000000005400000000000003831000000106976602000165000000000000155400000000000000000000007886504220320070089002330000071000000010002071000000
000000020110926614530320071012002103296700000003302010030000000000002000000000000001731000000192544196000101000776728330155400000000000000000000007887304220320070089002330000086650000010002086650000
000000020210926614530320071012002103296700000003301010010000000000001000000000000000791000000191777078000172000753346478155400000000000000000000007889904230320070089002330000078920000010002078920000
000000020310926614530320071011001103296710362853302010020000000000099240000000000085981000000100000000000000000000000000155400000000000000000000038542404230320070089002330000086640000010002086640000
000000020410926614530320071012002103296700000003302010030000000000002000000000000001731000000104010746000137000814620711155400000000000000000000007890004230320070089002330000086650000010002086650000
000000020510926614530320071011001103296710362853301010050000000000099940000000000072521000000100000000000000000000000000155400000000000000000000038540904230320070089002330000072560000010002072560000
000000020610926614530320071012002103296700000003302010020000000000002000000000000001741000000104010746000137000814620711155400000000000000000000007890004230320070089002330000086800000010002086800000
000000020710926614530320071011001103296710362853301010050000000000346510000000000251701000000100000000000000000000000000155400000000000000000000038543904230320070089002330000072640000010002072640000
000000020810926614530320071012002103296700000003302010020000000000010000000000000008681000000190233826000193000756615106155400000000000000000000007891904230320070089002330000086800000010002086800000
000000020910926614530320071012002103296700000003301010050000000000400000000000000290561000000161180683000109000000000000155400000000000000000000007892804230320070089002330000072640000010002072640000
000000021010926614530320071012002103296700000003301010010000000000000360000000000000261000000107740971000117000000000000155400000000000000000000007893104230320070089002330000071000000010002071000000
000000021110926614530320071012002103296700000003301010010000000000002000000000000001581000000106352370000174000000000000155400000000000000000000007893704260320070089002330000078970000010002078970000
000000021210926614530320071012002103296700000003301010050000000000001000000000000000731000000189688287000106000829415297155400000000000000000000007893904260320070089002330000072870000010002072870000
000000021310926614530320071012002103296700000003301010020000000000004000000000000002821000000106880480000109000791813405155400000000000000000000007894004260320070089002330000070390000010002070390000
000000021410926614530320071012002103296700000003301010010000000000001200000000000000851000000192603869000149000815347415155400000000000000000000007896004260320070089002330000071000000010002071000000
000000021510926614530320071012002103296700000003301010050000000000002000000000000001461000000193899359000123000828827511155400000000000000000000007896104260320070089002330000072870000010002072870000
000000021610926614530320071012002103296700000003301010050000000000000900000000000000661000000187127731000133000799446729155400000000000000000000007896604260320070089002330000072870000010002072870000
000000021710926614530320071012002103296700000003301010020000000000004000000000000002821000000191889600000108000000000000155400000000000000000000007896704260320070089002330000070620000010002070620000
000000021810926614530320071012002103296700000003302010020000000000006000000000000005211000000103959238000137000756615106155400000000000000000000007898004260320070089002330000086800000010002086800000
000000021910926614530320071012002103296700000003302010020000000000010000000000000008681000000192104199000116000771915297155400000000000000000000007898304260320070089002330000086800000010002086800000
000000022010926614530320071012002103296700000003301010010000000000002000000000000001581000000194360567000112000766546478155400000000000000000000007898904270320070089002330000078970000010002078970000
000000022110926614530320071012002103296700000003302010030000000000004000000000000003471000000197275952000150000741628330155400000000000000000000007899604270320070089002330000086650000010002086650000
000000022210926614530320071012002103296700000003301010010000000000002000000000000001581000000192632678000105000774833198155400000000000000000000007899704270320070089002330000078970000010002078970000
000000022310926614530320071012002103296700000003302010030000000000004000000000000003471000000192015064000265000795324512155400000000000000000000007900004270320070089002330000086650000010002086650000
000000022410926614530320071012002103296700000003302010030000000000002000000000000001731000000102491687000130000756628232155400000000000000000000007900904270320070089002330000086650000010002086650000
000000022510926614530320071012002103296700000003302010030000000000002000000000000001731000000189901771000163000000000000155400000000000000000000007901404280320070089002330000086650000010002086650000
000000022610926614530320071012002103296700000003302010020000000000002000000000000001741000000104010746000137000814620711155400000000000000000000007901604280320070089002330000086800000010002086800000
000000022710926614530320071012002103296700000003302010030000000000002000000000000001731000000104010746000137000814620711155400000000000000000000007901604280320070089002330000086650000010002086650000
000000022810926614530320071012002103296700000004101020010000000000002000000000000001581000000106914398000158000753320291155400000000000000000000007902604280320070089002330000079060000010002079060000
000000022910926614530320071012002103296700000003302010030000000000002000000000000001731000000106914398000158000753320291155400000000000000000000007902604280320070089002330000086650000010002086650000
000000023010926614530320071012002103296700000003302010030000000000002000000000000001731000000192910405000185000000000000155400000000000000000000007902404280320070089002330000086650000010002086650000
000000023110926614530320071012002103296700000003301010010000000000001440000000000001021000000106925014000100000756647415155400000000000000000000007903404280320070089002330000071000000010002071000000
000000023210926614530320071012002103296700000003301010010000000000003000000000000002131000000106925014000100000756647415155400000000000000000000007903404280320070089002330000071000000010002071000000
000000023310926614530320071012002103296700000003301010050000000000004000000000000002911000000100215380000181000000000000155400000000000000000000007903504280320070089002330000072870000010002072870000
000000023410926614530320071012002103296700000003301010050000000000002000000000000001461000000103483185000120000852128330155400000000000000000000007904704280320070089002330000072870000010002072870000
000000023510926614530320071012002103296700000003302010030000000000002000000000000001731000000190285339000174000000000000155400000000000000000000007905004280320070089002330000086650000010002086650000
000000023610926614530320071012002103296700000004101020010000000000000360000000000000301000000192661453000268000799447415155400000000000000000000007905404280320070089002330000083884000010002083884400
000000023710926614530320071012002103296700000003302010030000000000001000000000000000871000000192752468000150000774828330155400000000000000000000007905604290320070089002330000086660000010002086660000
000000023810926614530320071011001103296710362853302010030000000000058950000000000051081000000100000000000000000000000000155400000000000000000000038609604290320070089002330000086650000010002086650000
000000023910926614530320071012002103296700000003301010050000000000001440000000000001021000000103848614000116000000000000155400000000000000000000007905704290320070089002330000071000000010002071000000
000000024010926614530320071011001103296710362853302010020000000000098310000000000085181000000100000000000000000000000000155400000000000000000000038608904290320070089002330000086640000010002086640000
000000024110926614530320071012002103296700000003301010010000000000001000000000000000791000000104010746000137000814620711155400000000000000000000007905904290320070089002330000078920000010002078920000
000000024210926614530320071012002103296700000003301010010000000000001000000000000000791000000191506550000132000751718211155400000000000000000000007906404290320070089002330000078920000010002078920000
000000024310926614530320071012002103296700000003302010020000000000010000000000000008681000000190233826000193000756615106155400000000000000000000007907004290320070089002330000086800000010002086800000
000000024410926614530320071012002103296700000003302010030000000000002000000000000001731000000175493577000181000843020711155400000000000000000000007907804290320070089002330000086650000010002086650000
000000024510926614530320071012002103296700000003302010020000000000002000000000000001741000000180159171000105000000000000155400000000000000000000007908004290320070089002330000086800000010002086800000
000000024610926614530320071012002103296700000003301010050000000000000360000000000000261000000192598812000107000000000000155400000000000000000000007909904300320070089002330000071000000010002071000000
000000024710926614530320071012002103296700000004101020010000000000000360000000000000281000000192598812000107000000000000155400000000000000000000007909904300320070089002330000079000000010002079000000
000000024810926614530320071012002103296700000003301010010000000000000300000000000000211000000188214184000133000000000000155400000000000000000000007910404300320070089002330000071000000010002071000000
000000024910926614530320071012002103296700000003301010010000000000000360000000000000261000000188214184000133000000000000155400000000000000000000007910404300320070089002330000071000000010002071000000
000000025010926614530320071012002103296700000004101020010000000000000360000000000000281000000188214184000133000000000000155400000000000000000000007910404300320070089002330000079000000010002079000000
000000025110926614530320071012002103296700000003301010010000000000000360000000000000261000000194136686000196000756647415155400000000000000000000007910904300320070089002330000071000000010002071000000
000000025210926614530320071012002103296700000003301010010000000000001800000000000001281000000101649426000133000000000000155400000000000000000000007911204300320070089002330000071000000010002071000000
000000025310926614530320071012002103296700000003301010010000000000001200000000000000851000000101649426000133000000000000155400000000000000000000007911204300320070089002330000071000000010002071000000
000000025410926614530320071012002103296700000003301010010000000000000360000000000000261000000194684404000195000000000000155400000000000000000000007911304300320070089002330000071000000010002071000000
000000025510926614530320071012002103296700000003301010010000000000000300000000000000211000000194684404000195000000000000155400000000000000000000007911304300320070089002330000071000000010002071000000
000000025610926614530320071012002103296700000004101020010000000000000720000000000000571000000194684404000195000000000000155400000000000000000000007911304300320070089002330000079000000010002079000000
000000025710926614530320071012002103296700000003301010010000000000003600000000000002561000000105653450000288000000000000155400000000000000000000007912604300320070089002330000071000000010002071000000
000000025810926614530320071012002103296700000003301010010000000000004500000000000003201000000105653450000288000000000000155400000000000000000000007912604300320070089002330000071000000010002071000000
