000000000010926614531120070000333
000000000110926614531120073010003103296700000003302010020000000000045640000000000025591000000100000000000000000000000000155400000000000000000000000000000011120070089002330000110000000010002110000000
000000000210926614531120073020003103296700000003302010020000000000058220000000000036481000000100000000000000000000000000155400000000000000000000000000000301120070089002330000110000000010002110000000
000000000310926614531120074011998103296700000003302010020000000000679010000000000588311000000100000000000000000000000000155400000000000000000000000000000301120070089002330000086640000010002086640000
000000000410926614531120071011998103296700000003302010020000000000679010000000000588311000000100000000000000000000000000155400000000000000000000000000000301120070089002330000086640000010002086640000
000000000510926614531120074012998103296700000003302010020000000000666430000000000577421000000100000000000000000000000000155400000000000000000000000000000301120070089002330000086640000010002086640000
000000000610926614531120071012998103296700000003302010020000000000374000000000000324261000000100000000000000000000000000155400000000000000000000000000000301120070089002330000086640000010002086640000
000000000710926614531120071022003103296700000003302010020000000000292430000000000253161000000100000000000000000000000000155400000000000000000000000000000301120070089002330000086640000010002086640000
000000000810926614531120071022998103296700000003302010020000000000292430000000000253161000000100000000000000000000000000155400000000000000000000000000000301120070089002330000086640000010002086640000
000000000910926614531120073010003103296700000003302010030000000000107320000000000093011000000100000000000000000000000000155400000000000000000000000000000011120070089002330000086650000010002086650000
000000001010926614531120073020003103296700000003302010030000000000083980000000000069971000000100000000000000000000000000155400000000000000000000000000000301120070089002330000086650000010002086650000
000000001110926614531120074011998103296700000003302010030000000000603780000000000523181000000100000000000000000000000000155400000000000000000000000000000301120070089002330000086650000010002086650000
000000001210926614531120071011998103296700000003302010030000000000603780000000000523181000000100000000000000000000000000155400000000000000000000000000000301120070089002330000086650000010002086650000
000000001310926614531120074012998103296700000003302010030000000000627120000000000546221000000100000000000000000000000000155400000000000000000000000000000301120070089002330000086650000010002086650000
000000001410926614531120071012998103296700000003302010030000000000568900000000000501301000000100000000000000000000000000155400000000000000000000000000000301120070089002330000086650000010002086650000
000000001510926614531120071022003103296700000003302010030000000000058220000000000044921000000100000000000000000000000000155400000000000000000000000000000301120070089002330000086650000010002086650000
000000001610926614531120071022998103296700000003302010030000000000058220000000000044921000000100000000000000000000000000155400000000000000000000000000000301120070089002330000086650000010002086650000
000000001710926614531120073010003103296700000004101020010000000000029320000000000023211000000100000000000000000000000000155400000000000000000000000000000011120070089002330000079060000010002079060000
000000001810926614531120073020003103296700000004101020010000000000059720000000000047231000000100000000000000000000000000155400000000000000000000000000000301120070089002330000079060000010002079060000
000000001910926614531120074011998103296700000004101020010000000000050000000000000039531000000100000000000000000000000000155400000000000000000000000000000301120070089002330000079060000010002079060000
000000002010926614531120071011998103296700000004101020010000000000050000000000000039531000000100000000000000000000000000155400000000000000000000000000000301120070089002330000079060000010002079060000
000000002110926614531120074012998103296700000004101020010000000000019600000000000015511000000100000000000000000000000000155400000000000000000000000000000301120070089002330000079060000010002079060000
000000002210926614531120071012998103296700000004101020010000000000019600000000000015491000000100000000000000000000000000155400000000000000000000000000000301120070089002330000079060000010002079060000
000000002310926614531120073010003103296700000003301010010000000000133280000000000104651000000100000000000000000000000000155400000000000000000000000000000011120070089002330000078470000010002078470000
000000002410926614531120073020003103296700000003301010010000000000106300000000000083431000000100000000000000000000000000155400000000000000000000000000000301120070089002330000078470000010002078470000
000000002510926614531120074011998103296700000003301010010000000000100000000000000078471000000100000000000000000000000000155400000000000000000000000000000301120070089002330000078470000010002078470000
000000002610926614531120071011998103296700000003301010010000000000100000000000000078471000000100000000000000000000000000155400000000000000000000000000000301120070089002330000078470000010002078470000
000000002710926614531120074012998103296700000003301010010000000000126980000000000099691000000100000000000000000000000000155400000000000000000000000000000301120070089002330000078470000010002078470000
000000002810926614531120071012998103296700000003301010010000000000123480000000000091811000000100000000000000000000000000155400000000000000000000000000000301120070089002330000078470000010002078470000
000000002910926614531120071022003103296700000003301010010000000000003500000000000007881000000100000000000000000000000000155400000000000000000000000000000301120070089002330000078470000010002078470000
000000003010926614531120071022998103296700000003301010010000000000003500000000000007881000000100000000000000000000000000155400000000000000000000000000000301120070089002330000078470000010002078470000
000000003110926614531120073010003103296700000003302010080000000000008190000000000007101000000100000000000000000000000000155400000000000000000000000000000011120070089002330000086960000010002086960000
000000003210926614531120073020003103296700000003302010080000000000047200000000000040991000000100000000000000000000000000155400000000000000000000000000000301120070089002330000086960000010002086960000
000000003310926614531120074011998103296700000003302010080000000000060140000000000052181000000100000000000000000000000000155400000000000000000000000000000301120070089002330000086770000010002086770000
000000003410926614531120071011998103296700000003302010080000000000060140000000000052181000000100000000000000000000000000155400000000000000000000000000000301120070089002330000086770000010002086770000
000000003510926614531120074012998103296700000003302010080000000000021130000000000018291000000100000000000000000000000000155400000000000000000000000000000301120070089002330000086770000010002086770000
000000003610926614531120071012998103296700000003302010080000000000000000000000000000001000000100000000000000000000000000155400000000000000000000000000000301120070089002330000086770000010002086770000
000000003710926614531120071022003103296700000003302010080000000000021130000000000018291000000100000000000000000000000000155400000000000000000000000000000301120070089002330000086770000010002086770000
000000003810926614531120071022998103296700000003302010080000000000021130000000000018291000000100000000000000000000000000155400000000000000000000000000000301120070089002330000086770000010002086770000
000000003910926614531120073010003103296700000003301010050000000000106910000000000077731000000100000000000000000000000000155400000000000000000000000000000011120070089002330000072870000010002072870000
000000004010926614531120073020003103296700000003301010050000000000114200000000000082961000000100000000000000000000000000155400000000000000000000000000000301120070089002330000072870000010002072870000
000000004110926614531120074011998103296700000003301010050000000000229770000000000166731000000100000000000000000000000000155400000000000000000000000000000301120070089002330000072560000010002072560000
000000004210926614531120071011998103296700000003301010050000000000229770000000000166731000000100000000000000000000000000155400000000000000000000000000000301120070089002330000072560000010002072560000
000000004310926614531120074012998103296700000003301010050000000000222480000000000161501000000100000000000000000000000000155400000000000000000000000000000301120070089002330000072560000010002072560000
000000004410926614531120071012998103296700000003301010050000000000117140000000000085371000000100000000000000000000000000155400000000000000000000000000000301120070089002330000072560000010002072560000
000000004510926614531120071022003103296700000003301010050000000000105340000000000076131000000100000000000000000000000000155400000000000000000000000000000301120070089002330000072560000010002072560000
000000004610926614531120071022998103296700000003301010050000000000105340000000000076131000000100000000000000000000000000155400000000000000000000000000000301120070089002330000072560000010002072560000
000000004710926614531120073010003103296700000003301010020000000000008610000000000006071000000100000000000000000000000000155400000000000000000000000000000011120070089002330000070620000010002070620000
000000004810926614531120073020003103296700000003301010020000000000031030000000000021911000000100000000000000000000000000155400000000000000000000000000000301120070089002330000070620000010002070620000
000000004910926614531120074011998103296700000003301010020000000000060600000000000042751000000100000000000000000000000000155400000000000000000000000000000301120070089002330000070620000010002070620000
000000005010926614531120071011998103296700000003301010020000000000060600000000000042751000000100000000000000000000000000155400000000000000000000000000000301120070089002330000070620000010002070620000
000000005110926614531120074012998103296700000003301010020000000000038180000000000026911000000100000000000000000000000000155400000000000000000000000000000301120070089002330000070620000010002070620000
000000005210926614531120071012998103296700000003301010020000000000038180000000000026911000000100000000000000000000000000155400000000000000000000000000000301120070089002330000070620000010002070620000
000000005310926614531120071011999103296700000003301010020000000000000840000000000000551000000100000000000000000000000000155400000000000000000000000000000301120070089002330000070620000010002070620000
000000005410926614531120071012002103296700000003301010050000000000001000000000000000731000000188611835000803000756629204155400000000000000000000008619704011120070089002330000072870000010002072870000
000000005510926614531120071011001103296710362853302010020000000000079510000000000068891000000188948492000192000825820991155400000000000000000000041169804011120070089002330000086640000010002086640000
000000005610926614531120071012002103296700000003301010050000000000001000000000000000731000000188611835000803000756629204155400000000000000000000008619804011120070089002330000072870000010002072870000
000000005710926614531120071012002103296700000003302010030000000000006000000000000005201000000188363775000334000749728330155400000000000000000000008620304011120070089002330000086650000010002086650000
000000005810926614531120071012002103296700000003301010010000000000004000000000000003161000000104010746000137000814620711155400000000000000000000008620404011120070089002330000078970000010002078970000
000000005910926614531120071012002103296700000003302010030000000000010000000000000008661000000104654447000488000756627104155400000000000000000000008620604011120070089002330000086650000010002086650000
000000006010926614531120071012002103296700000003301010010000000000000360000000000000261000000107061323000134000759347130155400000000000000000000008622304011120070089002330000071000000010002071000000
000000006110926614531120071012002103296700000003301010050000000000001260000000000000921000000196735162000147000814622196155400000000000000000000008623004051120070089002330000072870000010002072870000
000000006210926614531120071011001103296710362853302010030000000000099720000000000086411000000188948492000192000825820991155400000000000000000000004118704051120070089002330000086650000010002086650000
000000006310926614531120071012002103296700000003302010030000000000100000000000000086651000000188665146000601000756628330155400000000000000000000008623904051120070089002330000086650000010002086650000
000000006410926614531120071011001103296710362853301010050000000000080010000000000058061000000188948492000192000825820991155400000000000000000000041170504051120070089002330000072560000010002072560000
000000006510926614531120071012002103296700000004101020010000000000000300000000000000241000000101799357000144000753342928155400000000000000000000008624104051120070089002330000079060000010002079060000
000000006610926614531120071011001103296710362853302010080000000000060140000000000052181000000188948492000192000825820991155400000000000000000000041184904051120070089002330000086770000010002086770000
000000006710926614531120071012002103296700000003302010030000000000004000000000000003471000000104010746000137000814620711155400000000000000000000008624304051120070089002330000086650000010002086650000
000000006810926614531120071012002103296700000003301010050000000000002000000000000001461000000188611835000129000756629301155400000000000000000000008625504051120070089002330000072870000010002072870000
000000006910926614531120071012002103296700000003302010020000000000004000000000000003471000000193976306000169000818020291155400000000000000000000008625904051120070089002330000086800000010002086800000
000000007010926614531120071012002103296700000003302010030000000000002000000000000001731000000190285339000174000756647598155400000000000000000000008626004051120070089002330000086650000010002086650000
000000007110926614531120071012002103296700000003302010020000000000002000000000000001741000000175493577000181000843020711155400000000000000000000008626304051120070089002330000086800000010002086800000
000000007210926614531120071012002103296700000003302010030000000000002000000000000001731000000190292970000109000753325993155400000000000000000000008627504061120070089002330000086650000010002086650000
000000007310926614531120071012002103296700000003302010020000000000010000000000000008661000000194661428000129000791820991155400000000000000000000008628704061120070089002330000086640000010002086640000
000000007410926614531120071012002103296700000003301010050000000000004000000000000002911000000193976306000169000818020291155400000000000000000000008628804061120070089002330000072870000010002072870000
000000007510926614531120071012002103296700000003301010020000000000002000000000000001411000000197328090000186000751720291155400000000000000000000008629004061120070089002330000070620000010002070620000
000000007610926614531120071012002103296700000003302010020000000000010000000000000008661000000104338741000138000791820991155400000000000000000000008629704061120070089002330000086640000010002086640000
000000007710926614531120071012002103296700000003301010050000000000002000000000000001461000000188611835000129000756629301155400000000000000000000008630204061120070089002330000072870000010002072870000
000000007810926614531120071012002103296700000003301010010000000000000480000000000000341000000105287236000174000766747415155400000000000000000000008630304061120070089002330000071000000010002071000000
000000007910926614531120071012002103296700000003301010050000000000001000000000000000731000000189688287000106000829415297155400000000000000000000008630504061120070089002330000072870000010002072870000
000000008010926614531120071012002103296700000003301010050000000000004000000000000002911000000188302591000100000753315211155400000000000000000000008630704061120070089002330000072870000010002072870000
000000008110926614531120071012002103296700000003301010010000000000001440000000000001021000000190862004000171000792547415155400000000000000000000008630904061120070089002330000071000000010002071000000
000000008210926614531120071012002103296700000003302010020000000000004000000000000003471000000102491687000130000756628232155400000000000000000000008631004061120070089002330000086800000010002086800000
000000008310926614531120071012002103296700000003301010010000000000001000000000000000791000000191506550000132000751718211155400000000000000000000008631204061120070089002330000078920000010002078920000
000000008410926614531120071012002103296700000003301010010000000000000180000000000000131000000106198168000130000774847440155400000000000000000000008631304061120070089002330000071000000010002071000000
000000008510926614531120071012002103296700000004101020010000000000000180000000000000141000000106198168000130000774847440155400000000000000000000008631304061120070089002330000079000000010002079000000
000000008610926614531120071012002103296700000003302010030000000000001000000000000000871000000103072560000140000748225993155400000000000000000000008631504061120070089002330000086660000010002086660000
000000008710926614531120071012002103296700000003301010010000000000000960000000000000691000000187237731000133000799446729155400000000000000000000008631604061120070089002330000071000000010002071000000
000000008810926614531120071012002103296700000003301010050000000000002000000000000001461000000193126241000162000799420614155400000000000000000000008631704061120070089002330000072870000010002072870000
000000008910926614531120071012002103296700000003301010010000000000003600000000000002561000000183478610000122000848347890155400000000000000000000008631804061120070089002330000071000000010002071000000
000000009010926614531120071012002103296700000003301010010000000000004000000000000003161000000194360567000112000766546478155400000000000000000000008633404071120070089002330000078970000010002078970000
000000009110926614531120071011001103296710362853302010020000000000080570000000000069811000000188948492000192000825820991155400000000000000000000041231404071120070089002330000086640000010002086640000
000000009210926614531120071012002103296700000003302010030000000000020000000000000017331000000187288940000297000793828330155400000000000000000000008633904071120070089002330000086650000010002086650000
000000009310926614531120071011001103296710362853302010030000000000079390000000000068791000000188948492000192000825820991155400000000000000000000041232704071120070089002330000086650000010002086650000
000000009410926614531120071012002103296700000003302010020000000000002000000000000001741000000102491687000130000756628232155400000000000000000000008634004071120070089002330000086800000010002086800000
000000009510926614531120071012002103296700000003301010020000000000004000000000000002821000000104083190000109000756620711155400000000000000000000008634404071120070089002330000070620000010002070620000
000000009610926614531120071012002103296700000003301010050000000000000360000000000000261000000182630393000181000837752231155400000000000000000000008634504071120070089002330000072867000010002072866700
000000009710926614531120071012002103296700000003301010050000000000000900000000000000661000000104754028000175000850722293155400000000000000000000008634704071120070089002330000072867000010002072866700
000000009810926614531120071012002103296700000003302010030000000000004000000000000003471000000192544196000101000776728330155400000000000000000000008635604071120070089002330000086650000010002086650000
000000009910926614531120071012002103296700000003301010010000000000002000000000000001581000000107281492000180000835720711155400000000000000000000008635804071120070089002330000078970000010002078970000
000000010010926614531120071012002103296700000003301010010000000000004500000000000003201000000191722769000179000774446729155400000000000000000000008636204071120070089002330000071000000010002071000000
000000010110926614531120071012002103296700000003302010020000000000004000000000000003471000000193976306000169000818020291155400000000000000000000008637704081120070089002330000086800000010002086800000
000000010210926614531120071012002103296700000003301010050000000000001000000000000000731000000103705616000156000750225438155400000000000000000000008638104081120070089002330000072870000010002072870000
000000010310926614531120071012002103296700000003301010050000000000002000000000000001461000000188611835000129000756629301155400000000000000000000008640204081120070089002330000072870000010002072870000
000000010410926614531120071012002103296700000004101020010000000000001000000000000000791000000192883110000152000799433163155400000000000000000000008640304081120070089002330000079060000010002079060000
000000010510926614531120071012002103296700000003301010050000000000002000000000000001461000000193785822000106000756629301155400000000000000000000008640404081120070089002330000072870000010002072870000
000000010610926614531120071012002103296700000003301010010000000000001680000000000001201000000198586688000138000828847415155400000000000000000000008640604081120070089002330000071000000010002071000000
000000010710926614531120071012002103296700000004101020010000000000000180000000000000141000000198586688000138000828847415155400000000000000000000008640604081120070089002330000079000000010002079000000
000000010810926614531120071012002103296700000003302010020000000000004000000000000003471000000102491687000130000756628232155400000000000000000000008641404081120070089002330000086800000010002086800000
000000010910926614531120071012002103296700000003301010010000000000000900000000000000641000000190364589000108000756646729155400000000000000000000008641504081120070089002330000071000000010002071000000
000000011010926614531120071012002103296700000004101020010000000000000180000000000000141000000190364589000108000756646729155400000000000000000000008641504081120070089002330000079000000010002079000000
000000011110926614531120071012002103296700000003302010030000000000004000000000000003471000000104654447000305000756624512155400000000000000000000008642204081120070089002330000086650000010002086650000
000000011210926614531120071012002103296700000003302010030000000000020000000000000017331000000189424550000141000767545307155400000000000000000000008642804081120070089002330000086650000010002086650000
000000011310926614531120071012002103296700000003301010050000000000008000000000000005831000000192715812057834000753335140155400000000000000000000008642904081120070089002330000072870000010002072870000
000000011410926614531120071012002103296700000003301010010000000000003600000000000002561000000183478610000122000848347890155400000000000000000000008643504081120070089002330000071000000010002071000000
000000011510926614531120071012002103296700000003301010010000000000000180000000000000131000000181386609000142000850745307155400000000000000000000008643604081120070089002330000071000000010002071000000
000000011610926614531120071012002103296700000003302010020000000000010000000000000008681000000190233826000193000756615106155400000000000000000000008645804081120070089002330000086800000010002086800000
000000011710926614531120071012002103296700000003301010050000000000000900000000000000661000000192661453000268000799447415155400000000000000000000008636704081120070089002330000072870000010002072870000
000000011810926614531120071012002103296700000003301010010000000000000900000000000000771000000192661453000268000799447415155400000000000000000000008636804081120070089002330000085278000010002085277800
000000011910926614531120071012002103296700000004101020010000000000000360000000000000301000000192661453000268000799447415155400000000000000000000008636804081120070089002330000083884000010002083884400
000000012010926614531120071012002103296700000003301010050000000000001080000000000000791000000192661453000268000799447415155400000000000000000000008636804081120070089002330000072870000010002072870000
000000012110926614531120071012002103296700000003302010030000000000000540000000000000471000000192661453000268000799447415155400000000000000000000008636804081120070089002330000086650000010002086650000
000000012210926614531120071012002103296700000003301010010000000000001000000000000000791000000191777078000172000753346478155400000000000000000000008646204091120070089002330000078920000010002078920000
000000012310926614531120071011001103296710362853302010020000000000139440000000000120811000000188948492000192000825820991155400000000000000000000041267204091120070089002330000086640000010002086640000
000000012410926614531120071012002103296700000003301010020000000000002000000000000001411000000106914398000158000753320291155400000000000000000000008646404091120070089002330000070620000010002070620000
000000012510926614531120071011001103296710362853301010020000000000059760000000000042201000000188948492000192000825820991155400000000000000000000041267304091120070089002330000070620000010002070620000
000000012610926614531120071012002103296700000003301010010000000000000900000000000000641000000188293865000134000777447415155400000000000000000000008647404091120070089002330000071000000010002071000000
000000012710926614531120071012002103296700000003301010010000000000000540000000000000381000000107661330000177000759347415155400000000000000000000008647504091120070089002330000071000000010002071000000
000000012810926614531120071012002103296700000004101020010000000000000180000000000000141000000107661330000177000759347415155400000000000000000000008647504091120070089002330000079000000010002079000000
000000012910926614531120071012002103296700000003301010010000000000000180000000000000131000000102969606000165000850746125155400000000000000000000008647604091120070089002330000071000000010002071000000
000000013010926614531120071012002103296700000004101020010000000000000180000000000000141000000102969606000165000850746125155400000000000000000000008647604091120070089002330000079000000010002079000000
000000013110926614531120071012002103296700000003302010030000000000002000000000000001731000000192865674000177000756645200155400000000000000000000008647904091120070089002330000086650000010002086650000
000000013210926614531120071012002103296700000003301010010000000000000600000000000000431000000106049304000120000791047415155400000000000000000000008648604091120070089002330000071000000010002071000000
000000013310926614531120071012002103296700000003302010020000000000004000000000000003471000000102491687000130000756628232155400000000000000000000008648704091120070089002330000086800000010002086800000
000000013410926614531120071012002103296700000003301010010000000000001320000000000000941000000190106790000187000776846796155400000000000000000000008648904091120070089002330000071000000010002071000000
000000013510926614531120071012002103296700000004101020010000000000000180000000000000141000000190106790000187000776846796155400000000000000000000008648904091120070089002330000079000000010002079000000
000000013610926614531120071012002103296700000003301010050000000000002000000000000001461000000104654447000488000756627104155400000000000000000000008649304091120070089002330000072870000010002072870000
000000013710926614531120071012002103296700000004101020010000000000001400000000000001111000000162004395006199000774818130155400000000000000000000008649404091120070089002330000079060000010002079060000
000000013810926614531120071012002103296700000003302010020000000000002000000000000001741000000104405220000237000756020193155400000000000000000000008649804091120070089002330000086800000010002086800000
000000013910926614531120071012002103296700000003302010020000000000120000000000000103971000000194661428000129000791820991155400000000000000000000008652204091120070089002330000086640000010002086640000
000000014010926614531120071012002103296700000003301010010000000000000480000000000000341000000190550427000156000799447440155400000000000000000000008652704121120070089002330000071000000010002071000000
000000014110926614531120071012002103296700000003301010020000000000004000000000000002821000000193976306000169000818020291155400000000000000000000008652804121120070089002330000070620000010002070620000
000000014210926614531120071012002103296700000003301010050000000000000900000000000000661000000187237731000133000799446729155400000000000000000000008652904121120070089002330000072870000010002072870000
000000014310926614531120071012002103296700000003301010050000000000000360000000000000261000000104979039000153000818022293155400000000000000000000008653104121120070089002330000072870000010002072870000
000000014410926614531120071012002103296700000003301010020000000000004000000000000002821000000107079525000103000814622293155400000000000000000000008653204121120070089002330000070620000010002070620000
000000014510926614531120071012002103296700000004101020010000000000002000000000000001581000000106914398000158000753320291155400000000000000000000008655204121120070089002330000079060000010002079060000
000000014610926614531120071012002103296700000003301010050000000000002000000000000001461000000188611835000129000756629301155400000000000000000000008655804121120070089002330000072870000010002072870000
000000014710926614531120071012002103296700000003301010050000000000000180000000000000131000000194814142000136000822746729155400000000000000000000008656104121120070089002330000071000000010002071000000
000000014810926614531120071012002103296700000003301010010000000000000900000000000000641000000194814142000136000822746729155400000000000000000000008656104121120070089002330000071000000010002071000000
000000014910926614531120071012002103296700000004101020010000000000000180000000000000141000000194814142000136000822746729155400000000000000000000008656104121120070089002330000079000000010002079000000
000000015010926614531120071012002103296700000003302010020000000000004000000000000003471000000102491687000130000756628232155400000000000000000000008656204121120070089002330000086800000010002086800000
000000015110926614531120071012002103296700000003302010020000000000004000000000000003471000000193976306000169000818020291155400000000000000000000008656604121120070089002330000086800000010002086800000
000000015210926614531120071012002103296700000003302010030000000000002000000000000001731000000103809754000185000755420517155400000000000000000000008657404121120070089002330000086650000010002086650000
000000015310926614531120071012002103296700000003301010010000000000001200000000000000851000000181549693000178000850747415155400000000000000000000008657804121120070089002330000071000000010002071000000
000000015410926614531120071012002103296700000003301010010000000000000180000000000000131000000193575058000144000799445307155400000000000000000000008659504121120070089002330000071000000010002071000000
000000015510926614531120071012002103296700000003301010010000000000001500000000000001071000000108512257000134000815147440155400000000000000000000008659804121120070089002330000071000000010002071000000
000000015610926614531120071012002103296700000003302010030000000000010000000000000008661000000104654447000488000756627104155400000000000000000000008659904121120070089002330000086650000010002086650000
000000015710926614531120071012002103296700000003301010050000000000001080000000000000791000000192661453000268000799447415155400000000000000000000008653504121120070089002330000072870000010002072870000
000000015810926614531120071012002103296700000003301010010000000000001000000000000000791000000193129062000189000774825993155400000000000000000000008660104131120070089002330000078920000010002078920000
000000015910926614531120071011001103296710362853302010030000000000098670000000000085501000000188948492000192000825820991155400000000000000000000041310104131120070089002330000086650000010002086650000
000000016010926614531120071012002103296700000003301010050000000000002000000000000001461000000193126241000162000799420614155400000000000000000000008660204131120070089002330000072870000010002072870000
000000016110926614531120071011001103296710362853302010020000000000059540000000000051591000000188948492000192000825820991155400000000000000000000041310804131120070089002330000086640000010002086640000
000000016210926614531120071012002103296700000003302010020000000000010000000000000008681000000190045865000167000791820991155400000000000000000000008660304131120070089002330000086800000010002086800000
000000016310926614531120071012002103296700000003301010050000000000004000000000000002911000000193976306000169000818020291155400000000000000000000008661404131120070089002330000072870000010002072870000
000000016410926614531120071012002103296700000003302010030000000000001000000000000000871000000192752468000150000774828330155400000000000000000000008662304131120070089002330000086660000010002086660000
000000016510926614531120071012002103296700000003301010050000000000004000000000000002911000000188302591000100000753315211155400000000000000000000008662704131120070089002330000072870000010002072870000
000000016610926614531120071012002103296700000003301010010000000000000660000000000000471000000190550427000156000799447440155400000000000000000000008662804131120070089002330000071000000010002071000000
000000016710926614531120071012002103296700000004101020010000000000000480000000000000381000000190550427000156000799447440155400000000000000000000008662804131120070089002330000079000000010002079000000
000000016810926614531120071012002103296700000003301010010000000000003180000000000002261000000106925014000100000756647415155400000000000000000000008663204131120070089002330000071000000010002071000000
000000016910926614531120071012002103296700000003302010030000000000020000000000000017321000000108338687000181000756620711155400000000000000000000008663704131120070089002330000086650000010002086650000
000000017010926614531120071012002103296700000003302010030000000000020000000000000017331000000187288940000297000793828330155400000000000000000000008667304131120070089002330000086650000010002086650000
000000017110926614531120071012002103296700000003302010030000000000002000000000000001731000000190292970000109000753325993155400000000000000000000008668204141120070089002330000086650000010002086650000
000000017210926614531120071012002103296700000003302010020000000000004000000000000003471000000102491687000130000756628232155400000000000000000000008669404141120070089002330000086800000010002086800000
000000017310926614531120071012002103296700000003301010010000000000000900000000000000641000000179410536000135000837747415155400000000000000000000008670404141120070089002330000071000000010002071000000
000000017410926614531120071012002103296700000003301010010000000000001500000000000001061000000179410536000135000837747415155400000000000000000000008670504141120070089002330000071000000010002071000000
000000017510926614531120071012002103296700000003301010050000000000000900000000000000661000000104754028000175000850722293155400000000000000000000008670604141120070089002330000072867000010002072866700
000000017610926614531120071012002103296700000003302010020000000000010000000000000008681000000190233826000193000756615106155400000000000000000000008672404141120070089002330000086800000010002086800000
000000017710926614531120071012002103296700000003302010030000000000001000000000000000871000000103072560000140000748225993155400000000000000000000008672504141120070089002330000086660000010002086660000
000000017810926614531120071012002103296700000003302010030000000000010000000000000008661000000108338687000181000756620711155400000000000000000000008673004141120070089002330000086650000010002086650000
000000017910926614531120071012002103296700000003301010010000000000001260000000000000891000000193326387000151000744146729155400000000000000000000008673204141120070089002330000071000000010002071000000
000000018010926614531120071012002103296700000004101020010000000000000180000000000000141000000193326387000151000744146729155400000000000000000000008673204141120070089002330000079000000010002079000000
000000018110926614531120071012002103296700000003301010010000000000001000000000000000791000000191506550000132000751718211155400000000000000000000008673504161120070089002330000078920000010002078920000
000000018210926614531120071012002103296700000003301010010000000000002400000000000001701000000105117463000151000799446931155400000000000000000000008673704161120070089002330000071000000010002071000000
000000018310926614531120071012002103296700000003301010010000000000004000000000000003161000000104010746000137000814620711155400000000000000000000008675104161120070089002330000078970000010002078970000
000000018410926614531120071012002103296700000003301010050000000000002000000000000001461000000188611835000129000756629301155400000000000000000000008675704161120070089002330000072870000010002072870000
000000018510926614531120071012002103296700000003302010030000000000010000000000000008661000000104654447000488000756627104155400000000000000000000008676304161120070089002330000086650000010002086650000
000000018610926614531120071012002103296700000003301010010000000000001620000000000001151000000190862004000171000792547415155400000000000000000000008678004161120070089002330000071000000010002071000000
000000018710926614531120071012002103296700000003301010010000000000001020000000000000721000000189339600000192000746646729155400000000000000000000008678104161120070089002330000071000000010002071000000
000000018810926614531120071012002103296700000003302010020000000000002000000000000001741000000108338687000181000756620711155400000000000000000000008678304161120070089002330000086800000010002086800000
000000018910926614531120071012002103296700000003301010010000000000002000000000000001581000000104010746000137000814620711155400000000000000000000008678704191120070089002330000078970000010002078970000
000000019010926614531120071011001103296710362853302010020000000000108570000000000094071000000188948492000192000825820991155400000000000000000000041357504191120070089002330000086640000010002086640000
000000019110926614531120071012002103296700000003302010030000000000004000000000000003471000000104010746000137000814620711155400000000000000000000008678704191120070089002330000086650000010002086650000
000000019210926614531120071011001103296710362853301010050000000000049600000000000035991000000188948492000192000825820991155400000000000000000000041358004191120070089002330000072560000010002072560000
000000019310926614531120071012002103296700000003302010020000000000100000000000000086641000000108338687000181000756620711155400000000000000000000008679404191120070089002330000086640000010002086640000
000000019410926614531120071011001103296710362853302010020000000000100720000000000087261000000188948492000192000825820991155400000000000000000000041365704191120070089002330000086640000010002086640000
000000019510926614531120071012002103296700000003302010030000000000060000000000000051991000000108338687000181000756620711155400000000000000000000008679404191120070089002330000086650000010002086650000
000000019610926614531120071012002103296700000003301010010000000000002000000000000001581000000106914398000158000753320291155400000000000000000000008679504191120070089002330000078970000010002078970000
000000019710926614531120071012002103296700000004101020010000000000002000000000000001581000000106914398000158000753320291155400000000000000000000008679504191120070089002330000079060000010002079060000
000000019810926614531120071012002103296700000003301010010000000000002000000000000001581000000191408138000180000812720614155400000000000000000000008679604191120070089002330000078970000010002078970000
000000019910926614531120071012002103296700000004101020010000000000004000000000000003161000000191408138000180000812720614155400000000000000000000008679604191120070089002330000079060000010002079060000
000000020010926614531120071012002103296700000003301010050000000000001080000000000000791000000189463822000112000756645111155400000000000000000000008680404191120070089002330000072870000010002072870000
000000020110926614531120071012002103296700000003302010020000000000002000000000000001741000000102491687000130000756628232155400000000000000000000008680504191120070089002330000086800000010002086800000
000000020210926614531120071012002103296700000003301010050000000000000900000000000000641000000103848614000116000799446729155400000000000000000000008680604191120070089002330000071000000010002071000000
000000020310926614531120071012002103296700000003301010050000000000002000000000000001461000000102487863000160000766728232155400000000000000000000008680704191120070089002330000072870000010002072870000
000000020410926614531120071012002103296700000003301010010000000000002180000000000001711000000102463328000170000825047415155400000000000000000000008683204191120070089002330000071000000010002071000000
000000020510926614531120071012002103296700000003302010030000000000010000000000000008661000000102588815000169000848825438155400000000000000000000008684004191120070089002330000086650000010002086650000
000000020610926614531120071012002103296700000003301010050000000000000540000000000000391000000104979039000153000818022293155400000000000000000000008684304201120070089002330000072870000010002072870000
000000020710926614531120071011001103296710362853302010030000000000059880000000000051891000000188948492000192000825820991155400000000000000000000041366004201120070089002330000086650000010002086650000
000000020810926614531120071012002103296700000004101020010000000000002000000000000001581000000192782366000188000774825993155400000000000000000000008685504201120070089002330000079060000010002079060000
000000020910926614531120071012002103296700000003301010050000000000002000000000000001461000000188611835000129000756629301155400000000000000000000008686104201120070089002330000072870000010002072870000
000000021010926614531120071012002103296700000003301010050000000000004000000000000002911000000191704981000103000742125993155400000000000000000000008686204201120070089002330000072870000010002072870000
000000021110926614531120071012002103296700000003301010050000000000002000000000000001461000000193899359000123000828827511155400000000000000000000008686604201120070089002330000072870000010002072870000
000000021210926614531120071012002103296700000003301010050000000000002000000000000001461000000187296778000178000782315106155400000000000000000000008687504201120070089002330000072870000010002072870000
000000021310926614531120071012002103296700000003302010030000000000004000000000000003471000000187296778000178000782315106155400000000000000000000008687504201120070089002330000086650000010002086650000
000000021410926614531120071012002103296700000003301010050000000000002000000000000001461000000103483185000120000852128330155400000000000000000000008687904201120070089002330000072870000010002072870000
000000021510926614531120071012002103296700000003301010010000000000003000000000000002131000000185118883000191000850747440155400000000000000000000008688104201120070089002330000071000000010002071000000
000000021610926614531120071012002103296700000003302010030000000000004000000000000003471000000192748904000118000774824512155400000000000000000000008690604211120070089002330000086650000010002086650000
000000021710926614531120071012002103296700000003301010050000000000002000000000000001461000000188611835000129000756629301155400000000000000000000008691104211120070089002330000072870000010002072870000
000000021810926614531120071012002103296700000003302010030000000000001000000000000000871000000192752468000150000774828330155400000000000000000000008691304211120070089002330000086660000010002086660000
000000021910926614531120071012002103296700000003302010030000000000020000000000000017331000000187288940000297000793828330155400000000000000000000008691404211120070089002330000086650000010002086650000
000000022010926614531120071012002103296700000003301010050000000000004000000000000002911000000188302591000100000753315211155400000000000000000000008691504211120070089002330000072870000010002072870000
000000022110926614531120071012002103296700000003301010050000000000000900000000000000661000000104754028000175000850722293155400000000000000000000008692204211120070089002330000072867000010002072866700
000000022210926614531120071012002103296700000003301010010000000000004000000000000003161000000107612050000179000870099999155400000000000000000000008692304211120070089002330000078970000010002078970000
000000022310926614531120071012002103296700000003302010030000000000002000000000000001731000000190292970000109000753325993155400000000000000000000008695104211120070089002330000086650000010002086650000
000000022410926614531120071012002103296700000003301010050000000000001000000000000000731000000103705616000156000750225438155400000000000000000000008695404221120070089002330000072870000010002072870000
000000022510926614531120071012002103296700000003302010020000000000002000000000000001741000000102878336000187000814620291155400000000000000000000008695504221120070089002330000086800000010002086800000
000000022610926614531120071012002103296700000003301010020000000000004000000000000002821000000107079525000103000814622293155400000000000000000000008695704221120070089002330000070620000010002070620000
000000022710926614531120071012002103296700000003301010010000000000001000000000000000791000000191506550000132000751718211155400000000000000000000008696704221120070089002330000078920000010002078920000
000000022810926614531120071012002103296700000003301010010000000000001000000000000000791000000105995316000184000774247415155400000000000000000000008697104221120070089002330000078920000010002078920000
000000022910926614531120071012002103296700000003302010030000000000002000000000000001731000000105995316000184000774247415155400000000000000000000008697104221120070089002330000086650000010002086650000
000000023010926614531120071012002103296700000004101020010000000000000540000000000000431000000105234334000143000782346796155400000000000000000000008697604221120070089002330000079000000010002079000000
000000023110926614531120071012002103296700000003301010050000000000002000000000000001461000000188611835000129000756629301155400000000000000000000008697704221120070089002330000072870000010002072870000
000000023210926614531120071012002103296700000003301010050000000000004000000000000002911000000193785822000106000756629301155400000000000000000000008697904221120070089002330000072870000010002072870000
000000023310926614531120071012002103296700000003302010030000000000004000000000000003471000000191495499000100000789328330155400000000000000000000008698104221120070089002330000086650000010002086650000
000000023410926614531120071012002103296700000003302010030000000000004000000000000003471000000192544196000101000776728330155400000000000000000000008698204221120070089002330000086650000010002086650000
000000023510926614531120071012002103296700000003301010050000000000002000000000000001461000000190295338000100000828825993155400000000000000000000008698304221120070089002330000072870000010002072870000
000000023610926614531120071012002103296700000003302010030000000000006000000000000005201000000188363775000334000749728330155400000000000000000000008698504221120070089002330000086650000010002086650000
000000023710926614531120071012002103296700000003302010020000000000002000000000000001741000000102491687000130000756628232155400000000000000000000008698604221120070089002330000086800000010002086800000
000000023810926614531120071012002103296700000003301010020000000000004000000000000002821000000193976306000169000818020291155400000000000000000000008698904221120070089002330000070620000010002070620000
000000023910926614531120071012002103296700000003301010050000000000004000000000000002911000000193976306000169000818020291155400000000000000000000008698904221120070089002330000072870000010002072870000
000000024010926614531120071012002103296700000003301010010000000000000960000000000000691000000104087937000105000815347415155400000000000000000000008699404221120070089002330000071000000010002071000000
000000024110926614531120071012002103296700000003301010010000000000000840000000000000591000000190550427000156000799447440155400000000000000000000008701804231120070089002330000071000000010002071000000
000000024210926614531120071011001103296710362853302010030000000000157990000000000136901000000188948492000192000825820991155400000000000000000000041444904231120070089002330000086650000010002086650000
000000024310926614531120071012002103296700000003302010020000000000004000000000000003471000000106914398000158000753320291155400000000000000000000008701904231120070089002330000086800000010002086800000
000000024410926614531120071012002103296700000003301010020000000000002000000000000001411000000197328090000186000751720291155400000000000000000000008702104231120070089002330000070620000010002070620000
000000024510926614531120071012002103296700000003301010050000000000000540000000000000391000000104979039000153000818022293155400000000000000000000008702304231120070089002330000072870000010002072870000
000000024610926614531120071012002103296700000003302010030000000000100000000000000086651000000193183267000142000756620738155400000000000000000000008703304231120070089002330000086650000010002086650000
000000024710926614531120071012002103296700000003301010010000000000001000000000000000791000000194147675000101000774847440155400000000000000000000008704004231120070089002330000078920000010002078920000
000000024810926614531120071012002103296700000003302010020000000000010000000000000008681000000190233826000193000756615106155400000000000000000000008704204231120070089002330000086800000010002086800000
000000024910926614531120071012002103296700000003301010010000000000000360000000000000261000000190552472000140000793332124155400000000000000000000008704904231120070089002330000071000000010002071000000
000000025010926614531120071012002103296700000004101020010000000000000180000000000000141000000190552472000140000793332124155400000000000000000000008704904231120070089002330000079000000010002079000000
000000025110926614531120071012002103296700000003302010030000000000002000000000000001731000000175493577000181000843020711155400000000000000000000008705004231120070089002330000086650000010002086650000
000000025210926614531120071012002103296700000003301010010000000000002000000000000001581000000107281492000180000835720711155400000000000000000000008705304231120070089002330000078970000010002078970000
000000025310926614531120071012002103296700000003301010010000000000000180000000000000131000000193729309000106000756646184155400000000000000000000008706604231120070089002330000071000000010002071000000
000000025410926614531120071012002103296700000003302010030000000000004000000000000003471000000192700228000102000799420991155400000000000000000000008707504261120070089002330000086650000010002086650000
000000025510926614531120071012002103296700000003302010020000000000004000000000000003471000000193976306000169000818020291155400000000000000000000008708004261120070089002330000086800000010002086800000
000000025610926614531120071012002103296700000003301010050000000000002000000000000001461000000106914398000158000753320291155400000000000000000000008708404261120070089002330000072870000010002072870000
000000025710926614531120071012002103296700000003301010020000000000002000000000000001411000000106914398000158000753320291155400000000000000000000008708404261120070089002330000070620000010002070620000
000000025810926614531120071012002103296700000003302010020000000000002000000000000001741000000104010746000137000814620711155400000000000000000000008709304261120070089002330000086800000010002086800000
000000025910926614531120071012002103296700000003302010030000000000004000000000000003471000000104010746000137000814620711155400000000000000000000008709304261120070089002330000086650000010002086650000
000000026010926614531120071012002103296700000003302010030000000000004000000000000003471000000192544196000101000776728330155400000000000000000000008710504261120070089002330000086650000010002086650000
000000026110926614531120071012002103296700000003301010050000000000002000000000000001461000000193899359000123000828827511155400000000000000000000008710804261120070089002330000072870000010002072870000
000000026210926614531120071012002103296700000003301010050000000000002000000000000001461000000104654447000488000756627104155400000000000000000000008711204261120070089002330000072870000010002072870000
000000026310926614531120071012002103296700000003302010030000000000010000000000000008661000000104654447000488000756627104155400000000000000000000008711304261120070089002330000086650000010002086650000
000000026410926614531120071012002103296700000003301010010000000000006600000000000004691000000105653450000105000782320711155400000000000000000000008711504261120070089002330000071000000010002071000000
000000026510926614531120071012002103296700000003301010010000000000002700000000000001921000000105653450000288000807920711155400000000000000000000008711604261120070089002330000071000000010002071000000
000000026610926614531120071012002103296700000003301010050000000000002000000000000001461000000188611835000129000756629301155400000000000000000000008712004261120070089002330000072870000010002072870000
000000026710926614531120071012002103296700000003301010010000000000000900000000000000641000000105653450000288000807920711155400000000000000000000008713704261120070089002330000071000000010002071000000
000000026810926614531120071012002103296700000003301010010000000000001620000000000001151000000192661453000268000799447415155400000000000000000000008712404261120070089002330000071000000010002071000000
000000026910926614531120071012002103296700000003301010010000000000001000000000000000791000000187156345000117000799447890155400000000000000000000008715704271120070089002330000078920000010002078920000
000000027010926614531120071011001103296710362853302010020000000000110660000000000095881000000188948492000192000825820991155400000000000000000000041486704271120070089002330000086640000010002086640000
000000027110926614531120071012002103296700000003302010030000000000001000000000000000871000000103072560000140000748225993155400000000000000000000008715804271120070089002330000086660000010002086660000
000000027210926614531120071012002103296700000003301010010000000000000840000000000000591000000101975351000180000824246796155400000000000000000000008715904271120070089002330000071000000010002071000000
000000027310926614531120071012002103296700000004101020010000000000000180000000000000141000000101975351000180000824246796155400000000000000000000008715904271120070089002330000079000000010002079000000
000000027410926614531120071012002103296700000003302010030000000000002000000000000001731000000175493577000181000843020711155400000000000000000000008716404271120070089002330000086650000010002086650000
000000027510926614531120071012002103296700000003301010050000000000004000000000000002911000000188302591000100000753315211155400000000000000000000008717604271120070089002330000072870000010002072870000
000000027610926614531120071012002103296700000003302010030000000000004000000000000003471000000192782705000126000799425993155400000000000000000000008717704271120070089002330000086650000010002086650000
000000027710926614531120071012002103296700000003302010030000000000010000000000000008661000000108338687000181000756620711155400000000000000000000008718304271120070089002330000086650000010002086650000
000000027810926614531120071012002103296700000003301010010000000000000180000000000000151000000102018870000113000774825411155400000000000000000000008718604281120070089002330000085278000010002085277800
000000027910926614531120071011001103296710362853301010050000000000050560000000000036691000000188948492000192000825820991155400000000000000000000041486204281120070089002330000072560000010002072560000
000000028010926614531120071012002103296700000003302010030000000000002000000000000001731000000106914398000158000753320291155400000000000000000000008718704281120070089002330000086650000010002086650000
000000028110926614531120071011001103296710362853302010030000000000108130000000000093691000000188948492000192000825820991155400000000000000000000041499404281120070089002330000086650000010002086650000
000000028210926614531120071012002103296700000003302010030000000000002000000000000001731000000189901771000163000818125993155400000000000000000000008719504281120070089002330000086650000010002086650000
000000028310926614531120071011001103296710362853301010050000000000049600000000000035991000000188948492000192000825820991155400000000000000000000041499604281120070089002330000072560000010002072560000
000000028410926614531120071012002103296700000003302010030000000000020000000000000017331000000188941125000248000818024512155400000000000000000000008719804281120070089002330000086650000010002086650000
000000028510926614531120071012002103296700000003301010020000000000002000000000000001411000000191952978000109000791822293155400000000000000000000008719904281120070089002330000070620000010002070620000
000000028610926614531120071012002103296700000003302010020000000000010000000000000008681000000190045865000167000791820991155400000000000000000000008720004281120070089002330000086800000010002086800000
000000028710926614531120071012002103296700000003301010050000000000002000000000000001461000000188611835000129000756629301155400000000000000000000008721304281120070089002330000072870000010002072870000
000000028810926614531120071012002103296700000003301010050000000000001000000000000000731000000189688287000106000829415297155400000000000000000000008721404281120070089002330000072870000010002072870000
000000028910926614531120071012002103296700000003302010020000000000010000000000000008681000000190233826000193000756615106155400000000000000000000008721804281120070089002330000086800000010002086800000
000000029010926614531120071012002103296700000003302010020000000000002000000000000001741000000102491687000130000756628232155400000000000000000000008722104281120070089002330000086800000010002086800000
000000029110926614531120071012002103296700000004101020010000000000001000000000000000791000000162004395006199000774818130155400000000000000000000008722304281120070089002330000079060000010002079060000
000000029210926614531120071012002103296700000003301010050000000000000720000000000000521000000187237731000133000799446729155400000000000000000000008722404281120070089002330000072870000010002072870000
000000029310926614531120071012002103296700000003301010010000000000000720000000000000571000000100497327000110000766947415155400000000000000000000008722504281120070089002330000071000000010002071000000
000000029410926614531120071012002103296700000003302010020000000000008000000000000006941000000104405220000237000756020193155400000000000000000000008722804281120070089002330000086800000010002086800000
000000029510926614531120071012002103296700000003301010010000000000000480000000000000341000000107840977000166000756647130155400000000000000000000008723004281120070089002330000071000000010002071000000
000000029610926614531120071012002103296700000003301010050000000000004000000000000002911000000103483185000120000852128330155400000000000000000000008723304281120070089002330000072870000010002072870000
000000029710926614531120071012002103296700000003302010030000000000010000000000000008661000000108338687000181000756620711155400000000000000000000008725504281120070089002330000086650000010002086650000
000000029810926614531120071012002103296700000003302010030000000000002000000000000001731000000190292970000109000753325993155400000000000000000000008725604281120070089002330000086650000010002086650000
000000029910926614531120071012002103296700000003302010030000000000000360000000000000311000000192661453000268000799447415155400000000000000000000008719104281120070089002330000086650000010002086650000
000000030010926614531120071012002103296700000003301010010000000000002000000000000001581000000106914398000158000753320291155400000000000000000000008726104291120070089002330000078970000010002078970000
000000030110926614531120071012002103296700000004101020010000000000002000000000000001581000000106914398000158000753320291155400000000000000000000008726404291120070089002330000079060000010002079060000
000000030210926614531120071012002103296700000003301010020000000000002000000000000001411000000106914398000158000753320291155400000000000000000000008726404291120070089002330000070390000010002070390000
000000030310926614531120071012002103296700000003301010010000000000004000000000000003161000000104010746000137000814620711155400000000000000000000008726804291120070089002330000078970000010002078970000
000000030410926614531120071012002103296700000003301010010000000000001000000000000000791000000191506550000132000751718211155400000000000000000000008726904291120070089002330000078920000010002078920000
000000030510926614531120071012002103296700000003302010020000000000004000000000000003471000000193976306000169000818020291155400000000000000000000008727004291120070089002330000086800000010002086800000
000000030610926614531120071012002103296700000003301010050000000000000540000000000000391000000104979039000153000818022293155400000000000000000000008727104291120070089002330000072870000010002072870000
000000030710926614531120071012002103296700000003302010030000000000001000000000000000871000000192752468000150000774828330155400000000000000000000008728304291120070089002330000086660000010002086660000
000000030810926614531120071012002103296700000003301010010000000000000720000000000000511000000190297383000102000774846729155400000000000000000000008728404291120070089002330000071000000010002071000000
000000030910926614531120071012002103296700000004101020010000000000000180000000000000141000000190297383000102000774846729155400000000000000000000008728404291120070089002330000079000000010002079000000
000000031010926614531120071012002103296700000003302010030000000000002000000000000001731000000192910405000185000799431012155400000000000000000000008728604291120070089002330000086650000010002086650000
000000031110926614531120071012002103296700000003302010030000000000002000000000000001731000000192544196000101000776728330155400000000000000000000008728704291120070089002330000086650000010002086650000
000000031210926614531120071012002103296700000003301010010000000000001000000000000000791000000191777078000172000753346478155400000000000000000000008728904291120070089002330000078920000010002078920000
000000031310926614531120071012002103296700000003301010010000000000006600000000000004691000000105653450000105000782320711155400000000000000000000008729704291120070089002330000071000000010002071000000
000000031410926614531120071012002103296700000003301010010000000000001800000000000001281000000194234291000126000755446796155400000000000000000000008729804291120070089002330000071000000010002071000000
000000031510926614531120071012002103296700000003301010010000000000000900000000000000641000000107840977000166000756647130155400000000000000000000008729904291120070089002330000071000000010002071000000
000000031610926614531120071012002103296700000003301010010000000000002000000000000001581000000102027575000123000753320291155400000000000000000000008730204291120070089002330000078970000010002078970000
000000031710926614531120071012002103296700000003301010050000000000004000000000000002911000000104835184000160000771947890155400000000000000000000008730304291120070089002330000072870000010002072870000
000000031810926614531120071012002103296700000003301010010000000000006600000000000004691000000183478610000122000848347890155400000000000000000000008730604291120070089002330000071000000010002071000000
000000031910926614531120071012002103296700000003301010010000000000002000000000000001581000000194741436000185000788947415155400000000000000000000008733004291120070089002330000078970000010002078970000
000000032010926614531120071012002103296700000003301010020000000000004000000000000002821000000107079525000103000814622293155400000000000000000000008733204291120070089002330000070620000010002070620000
000000032110926614531120071012002103296700000003301010020000000000000180000000000000121000000191889600000108000769620991155400000000000000000000008733804291120070089002330000064778000010002064777800
000000032210926614531120071012002103296700000003301010050000000000002000000000000001461000000193126241000162000799420614155400000000000000000000008734204301120070089002330000072870000010002072870000
000000032310926614531120071011001103296710331824101020010000000000050000000000000039531000000134274233006801000753320991155400000000000000000000018413205301120070089002330000079060000010002079060000
000000032410926614531120071012002103296700000004101020010000000000000540000000000000431000000188582481000131000771947415155400000000000000000000008734904301120070089002330000079000000010002079000000
000000032510926614531120071011001103296710331823301010010000000000100000000000000078471000000134274233006801000753320991155400000000000000000000018488605301120070089002330000078470000010002078470000
000000032610926614531120071012002103296700000003301010010000000000000180000000000000151000000191213421000156000774818211155400000000000000000000008735304301120070089002330000085278000010002085277800
000000032710926614531120071012002103296700000003302010020000000000002000000000000001741000000102491687000130000756628232155400000000000000000000008735904301120070089002330000086800000010002086800000
000000032810926614531120071012002103296700000003302010030000000000010000000000000008661000000104654447000488000756627104155400000000000000000000008736204301120070089002330000086650000010002086650000
000000032910926614531120071012002103296700000003302010020000000000002000000000000001741000000102878336000187000814620291155400000000000000000000008736404301120070089002330000086800000010002086800000
000000033010926614531120071012002103296700000003301010020000000000002000000000000001411000000191889600000108000769620991155400000000000000000000008736704301120070089002330000070620000010002070620000
000000033110926614531120071012002103296700000003302010030000000000002000000000000001731000000106276626000101000750232990155400000000000000000000008737004301120070089002330000086650000010002086650000
000000033210926614531120071012002103296700000003302010030000000000002000000000000001731000000103809754000185000755420517155400000000000000000000008737104301120070089002330000086650000010002086650000
