000000000010926614530120070000256
000000000110926614530120073010003103296700000003302010020000000000237220000000000205981000000100000000000000000000000000155400000000000000000000000000000010120070089002330000110000000010002110000000
000000000210926614530120073020003103296700000003302010020000000000058020000000000050281000000100000000000000000000000000155400000000000000000000000000000310120070089002330000110000000010002110000000
000000000310926614530120074011998103296700000003302010020000000000319420000000000276751000000100000000000000000000000000155400000000000000000000000000000310120070089002330000086640000010002086640000
000000000410926614530120071011998103296700000003302010020000000000319420000000000276751000000100000000000000000000000000155400000000000000000000000000000310120070089002330000086640000010002086640000
000000000510926614530120074012998103296700000003302010020000000000498620000000000432451000000100000000000000000000000000155400000000000000000000000000000310120070089002330000086640000010002086640000
000000000610926614530120071012998103296700000003302010020000000000184540000000000160201000000100000000000000000000000000155400000000000000000000000000000310120070089002330000086640000010002086640000
000000000710926614530120071022003103296700000003302010020000000000314080000000000272251000000100000000000000000000000000155400000000000000000000000000000310120070089002330000086640000010002086640000
000000000810926614530120071022998103296700000003302010020000000000314080000000000272251000000100000000000000000000000000155400000000000000000000000000000310120070089002330000086640000010002086640000
000000000910926614530120073010003103296700000003302010030000000000059820000000000051851000000100000000000000000000000000155400000000000000000000000000000010120070089002330000086650000010002086650000
000000001010926614530120073020003103296700000003302010030000000000070550000000000061141000000100000000000000000000000000155400000000000000000000000000000310120070089002330000086650000010002086650000
000000001110926614530120074011998103296700000003302010030000000000208290000000000180491000000100000000000000000000000000155400000000000000000000000000000310120070089002330000086650000010002086650000
000000001210926614530120071011998103296700000003302010030000000000208290000000000180491000000100000000000000000000000000155400000000000000000000000000000310120070089002330000086650000010002086650000
000000001310926614530120074012998103296700000003302010030000000000197560000000000171201000000100000000000000000000000000155400000000000000000000000000000310120070089002330000086650000010002086650000
000000001410926614530120071012998103296700000003302010030000000000154020000000000133431000000100000000000000000000000000155400000000000000000000000000000310120070089002330000086650000010002086650000
000000001510926614530120071022003103296700000003302010030000000000043540000000000037771000000100000000000000000000000000155400000000000000000000000000000310120070089002330000086650000010002086650000
000000001610926614530120071022998103296700000003302010030000000000043540000000000037771000000100000000000000000000000000155400000000000000000000000000000310120070089002330000086650000010002086650000
000000001710926614530120073010003103296700000004101020010000000000032120000000000025481000000100000000000000000000000000155400000000000000000000000000000010120070089002330000079060000010002079060000
000000001810926614530120073020003103296700000004101020010000000000014540000000000011561000000100000000000000000000000000155400000000000000000000000000000310120070089002330000079060000010002079060000
000000001910926614530120074011998103296700000004101020010000000000000000000000000000001000000100000000000000000000000000155400000000000000000000000000000310120070089002330000079060000010002079060000
000000002010926614530120071011998103296700000004101020010000000000000000000000000000001000000100000000000000000000000000155400000000000000000000000000000310120070089002330000079060000010002079060000
000000002110926614530120074012998103296700000004101020010000000000017580000000000013921000000100000000000000000000000000155400000000000000000000000000000310120070089002330000079060000010002079060000
000000002210926614530120071012998103296700000004101020010000000000017460000000000013801000000100000000000000000000000000155400000000000000000000000000000310120070089002330000079060000010002079060000
000000002310926614530120071022003103296700000004101020010000000000000120000000000000121000000100000000000000000000000000155400000000000000000000000000000310120070089002330000079060000010002079060000
000000002410926614530120071022998103296700000004101020010000000000000120000000000000121000000100000000000000000000000000155400000000000000000000000000000310120070089002330000079060000010002079060000
000000002510926614530120073010003103296700000003301010010000000000162350000000000127271000000100000000000000000000000000155400000000000000000000000000000010120070089002330000078970000010002078970000
000000002610926614530120073020003103296700000003301010010000000000079020000000000062061000000100000000000000000000000000155400000000000000000000000000000310120070089002330000078970000010002078970000
000000002710926614530120074011998103296700000003301010010000000000000000000000000000001000000100000000000000000000000000155400000000000000000000000000000310120070089002330000078470000010002078470000
000000002810926614530120071011998103296700000003301010010000000000000000000000000000001000000100000000000000000000000000155400000000000000000000000000000310120070089002330000078470000010002078470000
000000002910926614530120074012998103296700000003301010010000000000083330000000000065211000000100000000000000000000000000155400000000000000000000000000000310120070089002330000078470000010002078470000
000000003010926614530120071012998103296700000003301010010000000000074100000000000055391000000100000000000000000000000000155400000000000000000000000000000310120070089002330000078470000010002078470000
000000003110926614530120071022003103296700000003301010010000000000009230000000000009821000000100000000000000000000000000155400000000000000000000000000000310120070089002330000078470000010002078470000
000000003210926614530120071022998103296700000003301010010000000000009230000000000009821000000100000000000000000000000000155400000000000000000000000000000310120070089002330000078470000010002078470000
000000003310926614530120073010003103296700000003302010080000000000009930000000000008611000000100000000000000000000000000155400000000000000000000000000000010120070089002330000086960000010002086960000
000000003410926614530120073020003103296700000003302010080000000000030300000000000026281000000100000000000000000000000000155400000000000000000000000000000310120070089002330000086960000010002086960000
000000003510926614530120074011998103296700000003302010080000000000060020000000000052081000000100000000000000000000000000155400000000000000000000000000000310120070089002330000086770000010002086770000
000000003610926614530120071011998103296700000003302010080000000000060020000000000052081000000100000000000000000000000000155400000000000000000000000000000310120070089002330000086770000010002086770000
000000003710926614530120074012998103296700000003302010080000000000039650000000000034411000000100000000000000000000000000155400000000000000000000000000000310120070089002330000086770000010002086770000
000000003810926614530120071012998103296700000003302010080000000000026000000000000022611000000100000000000000000000000000155400000000000000000000000000000310120070089002330000086770000010002086770000
000000003910926614530120071022003103296700000003302010080000000000013650000000000011801000000100000000000000000000000000155400000000000000000000000000000310120070089002330000086770000010002086770000
000000004010926614530120071022998103296700000003302010080000000000013650000000000011801000000100000000000000000000000000155400000000000000000000000000000310120070089002330000086770000010002086770000
000000004110926614530120073010003103296700000003301010050000000000049810000000000036241000000100000000000000000000000000155400000000000000000000000000000010120070089002330000072870000010002072870000
000000004210926614530120073020003103296700000003301010050000000000097420000000000070821000000100000000000000000000000000155400000000000000000000000000000310120070089002330000072870000010002072870000
000000004310926614530120074011998103296700000003301010050000000001105650000000000802971000000100000000000000000000000000155400000000000000000000000000000310120070089002330000072560000010002072560000
000000004410926614530120071011998103296700000003301010050000000001105650000000000802971000000100000000000000000000000000155400000000000000000000000000000310120070089002330000072560000010002072560000
000000004510926614530120074012998103296700000003301010050000000001058040000000000768391000000100000000000000000000000000155400000000000000000000000000000310120070089002330000072560000010002072560000
000000004610926614530120071012998103296700000003301010050000000000995060000000000722981000000100000000000000000000000000155400000000000000000000000000000310120070089002330000072560000010002072560000
000000004710926614530120071022003103296700000003301010050000000000062980000000000045411000000100000000000000000000000000155400000000000000000000000000000310120070089002330000072560000010002072560000
000000004810926614530120071022998103296700000003301010050000000000062980000000000045411000000100000000000000000000000000155400000000000000000000000000000310120070089002330000072560000010002072560000
000000004910926614530120073010003103296700000003301010020000000000027280000000000019271000000100000000000000000000000000155400000000000000000000000000000010120070089002330000070620000010002070620000
000000005010926614530120073020003103296700000003301010020000000000014210000000000010031000000100000000000000000000000000155400000000000000000000000000000310120070089002330000070620000010002070620000
000000005110926614530120074011998103296700000003301010020000000000000000000000000000001000000100000000000000000000000000155400000000000000000000000000000310120070089002330000070620000010002070620000
000000005210926614530120071011998103296700000003301010020000000000000000000000000000001000000100000000000000000000000000155400000000000000000000000000000310120070089002330000070620000010002070620000
000000005310926614530120074012998103296700000003301010020000000000013070000000000009241000000100000000000000000000000000155400000000000000000000000000000310120070089002330000070620000010002070620000
000000005410926614530120071012998103296700000003301010020000000000012900000000000009041000000100000000000000000000000000155400000000000000000000000000000310120070089002330000070620000010002070620000
000000005510926614530120071022003103296700000003301010020000000000000170000000000000201000000100000000000000000000000000155400000000000000000000000000000310120070089002330000070620000010002070620000
000000005610926614530120071022998103296700000003301010020000000000000170000000000000201000000100000000000000000000000000155400000000000000000000000000000310120070089002330000070620000010002070620000
000000005710926614530120071012002103296700000003302010030000000000002000000000000001731000000103571417000100000750225438155400000000000000000000007650604020120070089002330000086650000010002086650000
000000005810926614530120071012002103296700000003302010020000000000002000000000000001741000000104010746000137000814620711155400000000000000000000007651204020120070089002330000086800000010002086800000
000000005910926614530120071012002103296700000003302010030000000000002000000000000001731000000104010746000137000814620711155400000000000000000000007651204020120070089002330000086650000010002086650000
000000006010926614530120071012002103296700000003302010030000000000001000000000000000871000000192752468000150000774828330155400000000000000000000007651604020120070089002330000086660000010002086660000
000000006110926614530120071012002103296700000003301010050000000000000720000000000000521000000187237731000133000799446729155400000000000000000000007651704020120070089002330000072870000010002072870000
000000006210926614530120071012002103296700000003301010010000000000002520000000000001791000000106925014000100000756647415155400000000000000000000007652504020120070089002330000071000000010002071000000
000000006310926614530120071012002103296700000004101020010000000000002000000000000001581000000192696418000101000753328232155400000000000000000000007654204030120070089002330000079060000010002079060000
000000006410926614530120071011001103296710362853302010030000000000049500000000000042891000000188948492000192000825820991155400000000000000000000037587104030120070089002330000086650000010002086650000
000000006510926614530120071012002103296700000003301010050000000000008000000000000005831000000192715812057834000753335140155400000000000000000000007654504030120070089002330000072870000010002072870000
000000006610926614530120071011001103296710362853302010080000000000029900000000000025941000000188948492000192000825820991155400000000000000000000037587604030120070089002330000086770000010002086770000
000000006710926614530120071012002103296700000003301010010000000000000660000000000000471000000192603869000149000815347415155400000000000000000000007655304030120070089002330000071000000010002071000000
000000006810926614530120071011001103296710362853301010050000000000079870000000000057951000000188948492000192000825820991155400000000000000000000037588304030120070089002330000072560000010002072560000
000000006910926614530120071012002103296700000003301010010000000000000900000000000000641000000192371558000100000000000000155400000000000000000000007655504030120070089002330000071000000010002071000000
000000007010926614530120071012002103296700000003301010010000000000001000000000000000791000000191777078000172000753346478155400000000000000000000007655604030120070089002330000078920000010002078920000
000000007110926614530120071012002103296700000003301010010000000000002000000000000001581000000173321655000135000846318121155400000000000000000000007656604030120070089002330000078970000010002078970000
000000007210926614530120071012002103296700000003301010010000000000002000000000000001581000000103266406000109000857120991155400000000000000000000007656704030120070089002330000078970000010002078970000
000000007310926614530120071012002103296700000003302010030000000000006000000000000005201000000103266406000109000857120991155400000000000000000000007656704030120070089002330000086650000010002086650000
000000007410926614530120071012002103296700000004101020010000000000002000000000000001581000000101913718000131000850725918155400000000000000000000007656804030120070089002330000079060000010002079060000
000000007510926614530120071012002103296700000003302010020000000000050000000000000043501000000197328090000186000751720291155400000000000000000000007657804030120070089002330000087000000010002087000000
000000007610926614530120071012002103296700000003302010030000000000002000000000000001731000000190292970000109000753325993155400000000000000000000007658004030120070089002330000086650000010002086650000
000000007710926614530120071012002103296700000003301010050000000000002000000000000001461000000127011022000103000799426701155400000000000000000000007658304030120070089002330000072870000010002072870000
000000007810926614530120071012002103296700000003302010020000000000002000000000000001741000000102491687000130000756628232155400000000000000000000007658504030120070089002330000086800000010002086800000
000000007910926614530120071012002103296700000003301010020000000000004000000000000002821000000197328090000186000751720291155400000000000000000000007658804040120070089002330000070620000010002070620000
000000008010926614530120071012002103296700000003301010010000000000001000000000000000791000000191506550000132000751718211155400000000000000000000007659204040120070089002330000078920000010002078920000
000000008110926614530120071012002103296700000003301010010000000000000180000000000000131000000190550427000156000799447440155400000000000000000000007659804040120070089002330000071000000010002071000000
000000008210926614530120071012002103296700000004101020010000000000000180000000000000141000000190550427000156000799447440155400000000000000000000007659804040120070089002330000079000000010002079000000
000000008310926614530120071012002103296700000003301010010000000000000180000000000000151000000107130267000142000774823991155400000000000000000000007660304040120070089002330000085278000010002085277800
000000008410926614530120071012002103296700000003301010010000000000001200000000000000851000000181549693000178000850747415155400000000000000000000007660904040120070089002330000071000000010002071000000
000000008510926614530120071012002103296700000003301010050000000000000720000000000000521000000104754028000175000850722293155400000000000000000000007661104040120070089002330000072867000010002072866700
000000008610926614530120071012002103296700000003301010010000000000000360000000000000261000000188809637000174000799447440155400000000000000000000007662004050120070089002330000071000000010002071000000
000000008710926614530120071012002103296700000004101020010000000000000180000000000000141000000188809637000174000799447440155400000000000000000000007662004050120070089002330000079000000010002079000000
000000008810926614530120071012002103296700000003301010050000000000001260000000000000921000000196735162000147000814622196155400000000000000000000007662504050120070089002330000072870000010002072870000
000000008910926614530120071012002103296700000003302010020000000000002000000000000001741000000104010746000137000814620711155400000000000000000000007662904050120070089002330000086800000010002086800000
000000009010926614530120071012002103296700000003302010030000000000002000000000000001731000000104010746000137000814620711155400000000000000000000007662904050120070089002330000086650000010002086650000
000000009110926614530120071012002103296700000003301010010000000000000900000000000000641000000194616026000102000824547423155400000000000000000000007664104050120070089002330000071000000010002071000000
000000009210926614530120071012002103296700000004101020010000000000000360000000000000281000000194616026000102000824547423155400000000000000000000007664104050120070089002330000079000000010002079000000
000000009310926614530120071012002103296700000003301010050000000000001000000000000000731000000188611835000803000756629204155400000000000000000000007664204050120070089002330000072870000010002072870000
000000009410926614530120071012002103296700000003301010010000000000001260000000000000901000000107840977000166000756647130155400000000000000000000007664804050120070089002330000071000000010002071000000
000000009510926614530120071012002103296700000003301010010000000000002000000000000001581000000107104434000180000823358191155400000000000000000000007664904050120070089002330000078970000010002078970000
000000009610926614530120071012002103296700000003301010050000000000000180000000000000131000000188582481000131000771947415155400000000000000000000007666804080120070089002330000071000000010002071000000
000000009710926614530120071011001103296710362853301010050000000000299440000000000217511000000188948492000192000825820991155400000000000000000000037652204080120070089002330000072640000010002072640000
000000009810926614530120071012002103296700000003301010010000000000006300000000000004481000000188582481000131000771947415155400000000000000000000007666804080120070089002330000071000000010002071000000
000000009910926614530120071012002103296700000004101020010000000000000180000000000000141000000188582481000131000771947415155400000000000000000000007666804080120070089002330000079000000010002079000000
000000010010926614530120071012002103296700000003302010030000000000002000000000000001731000000190292970000109000753325993155400000000000000000000007667104080120070089002330000086650000010002086650000
000000010110926614530120071012002103296700000003302010020000000000008000000000000006941000000190233826000193000756615106155400000000000000000000007667304080120070089002330000086800000010002086800000
000000010210926614530120071012002103296700000003301010050000000000300000000000000217921000000106303981000122000946446842155400000000000000000000007667804080120070089002330000072640000010002072640000
000000010310926614530120071012002103296700000003302010020000000000008000000000000006941000000192104199000116000771915297155400000000000000000000007668904080120070089002330000086800000010002086800000
000000010410926614530120071012002103296700000003302010020000000000004000000000000003471000000103959238000137000756615106155400000000000000000000007669104080120070089002330000086800000010002086800000
000000010510926614530120071012002103296700000003302010080000000000020000000000000017391000000193183267000142000756620738155400000000000000000000007669404080120070089002330000086960000010002086960000
000000010610926614530120071012002103296700000003302010030000000000002000000000000001731000000104010746000137000814620711155400000000000000000000007669904090120070089002330000086650000010002086650000
000000010710926614530120071012002103296700000003301010010000000000000180000000000000151000000191213421000156000774818211155400000000000000000000007670804090120070089002330000085278000010002085277800
000000010810926614530120071012002103296700000003301010050000000000020000000000000014571000000189515712000157000750215297155400000000000000000000007671504090120070089002330000072870000010002072870000
000000010910926614530120071012002103296700000003301010050000000000002000000000000001461000000193785822000106000756629301155400000000000000000000007671704090120070089002330000072870000010002072870000
000000011010926614530120071012002103296700000003302010030000000000040000000000000034661000000187288940000297000793828330155400000000000000000000007672004090120070089002330000086650000010002086650000
000000011110926614530120071012002103296700000003301010050000000000002000000000000001461000000103483185000120000852128330155400000000000000000000007672404090120070089002330000072870000010002072870000
000000011210926614530120071012002103296700000003301010010000000000002000000000000001581000000106914398000158000753320291155400000000000000000000007674104100120070089002330000078970000010002078970000
000000011310926614530120071012002103296700000003301010050000000000002000000000000001461000000102487863000160000766728232155400000000000000000000007675804100120070089002330000072870000010002072870000
000000011410926614530120071012002103296700000003301010010000000000001000000000000000791000000191506550000132000751718211155400000000000000000000007676004100120070089002330000078920000010002078920000
000000011510926614530120071012002103296700000003301010050000000000000720000000000000521000000187237731000133000799446729155400000000000000000000007676104100120070089002330000072870000010002072870000
000000011610926614530120071012002103296700000003302010030000000000002000000000000001731000000175493577000181000843020711155400000000000000000000007676404100120070089002330000086650000010002086650000
000000011710926614530120071012002103296700000003302010080000000000002000000000000001741000000103266406000109000857120991155400000000000000000000007676504100120070089002330000086960000010002086960000
000000011810926614530120071012002103296700000003301010010000000000004000000000000003161000000103266406000109000857120991155400000000000000000000007676504100120070089002330000078970000010002078970000
000000011910926614530120071012002103296700000003301010050000000000000300000000000000221000000192661453000268000799447415155400000000000000000000007678204100120070089002330000072870000010002072870000
000000012010926614530120071012002103296700000003302010030000000000000300000000000000261000000192661453000268000799447415155400000000000000000000007678204100120070089002330000086650000010002086650000
000000012110926614530120071012002103296700000003302010020000000000000540000000000000471000000194415536000111000750246842155400000000000000000000007678404110120070089002330000086660000010002086660000
000000012210926614530120071012002103296700000003301010050000000000000180000000000000131000000187237731000133000799446729155400000000000000000000007678504110120070089002330000072870000010002072870000
000000012310926614530120071012002103296700000003301010050000000000002000000000000001461000000188302591000100000753315211155400000000000000000000007679104110120070089002330000072870000010002072870000
000000012410926614530120071012002103296700000004101020010000000000003000000000000002371000000162004395006199000774818130155400000000000000000000007680304110120070089002330000079060000010002079060000
000000012510926614530120071012002103296700000003302010020000000000010000000000000008661000000102491687000130000756628232155400000000000000000000007681104110120070089002330000086640000010002086640000
000000012610926614530120071012002103296700000003301010010000000000000180000000000000131000000193729309000106000756646184155400000000000000000000007683904120120070089002330000071000000010002071000000
000000012710926614530120071011001103296710362853302010020000000000110080000000000095371000000188948492000192000825820991155400000000000000000000037696104120120070089002330000086640000010002086640000
000000012810926614530120071012002103296700000004101020010000000000000360000000000000281000000194616026000102000824547423155400000000000000000000007684304120120070089002330000079000000010002079000000
000000012910926614530120071011001103296710362853302010030000000000048930000000000042401000000188948492000192000825820991155400000000000000000000037696204120120070089002330000086650000010002086650000
000000013010926614530120071012002103296700000003301010010000000000000720000000000000511000000191908681000146000000000000155400000000000000000000007684404120120070089002330000071000000010002071000000
000000013110926614530120071012002103296700000003302010030000000000008000000000000006931000000188941125000248000818024512155400000000000000000000007684504120120070089002330000086650000010002086650000
000000013210926614530120071012002103296700000003301010010000000000001200000000000000851000000107740971000117000000000000155400000000000000000000007684604120120070089002330000071000000010002071000000
000000013310926614530120071012002103296700000003302010030000000000002000000000000001731000000192544196000101000776728330155400000000000000000000007685304120120070089002330000086650000010002086650000
000000013410926614530120071012002103296700000003302010020000000000008000000000000006941000000190233826000193000756615106155400000000000000000000007685404120120070089002330000086800000010002086800000
000000013510926614530120071012002103296700000003301010050000000000001080000000000000771000000103848614000116000799446729155400000000000000000000007685804150120070089002330000071000000010002071000000
000000013610926614530120071012002103296700000003302010030000000000002000000000000001731000000192910405000185000799431012155400000000000000000000007686304150120070089002330000086650000010002086650000
000000013710926614530120071012002103296700000003302010030000000000001000000000000000871000000192752468000150000774828330155400000000000000000000007686604150120070089002330000086660000010002086660000
000000013810926614530120071012002103296700000003301010010000000000002000000000000001581000000104010746000137000814620711155400000000000000000000007686804150120070089002330000078970000010002078970000
000000013910926614530120071012002103296700000003302010020000000000002000000000000001741000000104010746000137000814620711155400000000000000000000007686804150120070089002330000086800000010002086800000
000000014010926614530120071012002103296700000003301010050000000000004000000000000002911000000193976306000169000818020291155400000000000000000000007686904150120070089002330000072870000010002072870000
000000014110926614530120071012002103296700000003301010010000000000000180000000000000131000000188214184000133000000000000155400000000000000000000007687804150120070089002330000071000000010002071000000
000000014210926614530120071012002103296700000003301010010000000000001800000000000001281000000105950870000145000756646729155400000000000000000000007688604150120070089002330000071000000010002071000000
000000014310926614530120071012002103296700000003301010050000000000004000000000000002911000000191704981000103000742125993155400000000000000000000007688904150120070089002330000072870000010002072870000
000000014410926614530120071012002103296700000003302010030000000000002000000000000001731000000190292970000109000753325993155400000000000000000000007690004150120070089002330000086650000010002086650000
000000014510926614530120071012002103296700000003301010050000000000000180000000000000131000000192883110000152000799433163155400000000000000000000007690204160120070089002330000072870000010002072870000
000000014610926614530120071011001103296710362853302010030000000000050200000000000043501000000188948492000192000825820991155400000000000000000000037737304160120070089002330000086650000010002086650000
000000014710926614530120071012002103296700000004101020010000000000001000000000000000791000000192883110000152000799433163155400000000000000000000007690204160120070089002330000079060000010002079060000
000000014810926614530120071011001103296710362853302010080000000000030120000000000026141000000188948492000192000825820991155400000000000000000000037738204160120070089002330000086770000010002086770000
000000014910926614530120071012002103296700000003302010030000000000002000000000000001731000000192865674000177000756645200155400000000000000000000007691504160120070089002330000086650000010002086650000
000000015010926614530120071011001103296710362853301010050000000000079850000000000057941000000188948492000192000825820991155400000000000000000000037741604160120070089002330000072560000010002072560000
000000015110926614530120071012002103296700000003301010010000000000003240000000000002301000000191767475000163000756646796155400000000000000000000007692204160120070089002330000071000000010002071000000
000000015210926614530120071012002103296700000003302010020000000000010000000000000008661000000102491687000130000756628232155400000000000000000000007693204160120070089002330000086640000010002086640000
000000015310926614530120071012002103296700000003301010010000000000002000000000000001581000000104010746000137000814620711155400000000000000000000007693604170120070089002330000078970000010002078970000
000000015410926614530120071012002103296700000003302010030000000000002000000000000001731000000104010746000137000814620711155400000000000000000000007693604170120070089002330000086650000010002086650000
000000015510926614530120071012002103296700000003302010030000000000001000000000000000871000000100585002000190000799420291155400000000000000000000007695304170120070089002330000086650000010002086650000
000000015610926614530120071012002103296700000003301010010000000000006000000000000004741000000104067129000178000000000000155400000000000000000000007695404170120070089002330000078970000010002078970000
000000015710926614530120071012002103296700000003301010020000000000002000000000000001411000000197328090000186000751720291155400000000000000000000007695704170120070089002330000070620000010002070620000
000000015810926614530120071012002103296700000003301010050000000000000180000000000000131000000190862004000171000792547415155400000000000000000000007696304170120070089002330000071000000010002071000000
000000015910926614530120071012002103296700000003301010010000000000002100000000000001491000000190862004000171000792547415155400000000000000000000007696304170120070089002330000071000000010002071000000
000000016010926614530120071012002103296700000003302010030000000000002000000000000001731000000175493577000181000843020711155400000000000000000000007696504170120070089002330000086650000010002086650000
000000016110926614530120071012002103296700000003301010010000000000001200000000000000851000000102232002000131000852147415155400000000000000000000007696804170120070089002330000071000000010002071000000
000000016210926614530120071012002103296700000004101020010000000000000180000000000000141000000102232002000131000852147415155400000000000000000000007696804170120070089002330000079000000010002079000000
000000016310926614530120071012002103296700000003301010010000000000004800000000000003411000000185357374000111000000000000155400000000000000000000007698904170120070089002330000071000000010002071000000
000000016410926614530120071012002103296700000003301010050000000000002000000000000001461000000100727001000132000771925993155400000000000000000000007699304170120070089002330000072870000010002072870000
000000016510926614530120071012002103296700000003301010010000000000001000000000000000791000000191506550000132000751718211155400000000000000000000007699704180120070089002330000078920000010002078920000
000000016610926614530120071011001103296710362853302010020000000000159830000000000138481000000188948492000192000825820991155400000000000000000000037783604180120070089002330000086640000010002086640000
000000016710926614530120071012002103296700000003302010020000000000008000000000000006941000000192779370000197000753320991155400000000000000000000007700904180120070089002330000086800000010002086800000
000000016810926614530120071011001103296710362853301010050000000000299300000000000217411000000188948492000192000825820991155400000000000000000000037785104180120070089002330000072640000010002072640000
000000016910926614530120071012002103296700000003302010030000000000010000000000000008661000000102588815000169000848825438155400000000000000000000007701504180120070089002330000086650000010002086650000
000000017010926614530120071012002103296700000003301010050000000000000720000000000000521000000104754028000175000850722293155400000000000000000000007701604180120070089002330000072867000010002072866700
000000017110926614530120071012002103296700000003302010020000000000008000000000000006941000000190233826000193000756615106155400000000000000000000007702104180120070089002330000086800000010002086800000
000000017210926614530120071012002103296700000003302010080000000000002000000000000001741000000103266406000109000857120991155400000000000000000000007702404180120070089002330000086960000010002086960000
000000017310926614530120071012002103296700000003301010010000000000000540000000000000381000000190288655000108000774846796155400000000000000000000007703104180120070089002330000071000000010002071000000
000000017410926614530120071012002103296700000003301010010000000000002000000000000001581000000102463328000170000825047415155400000000000000000000007703204180120070089002330000078970000010002078970000
000000017510926614530120071012002103296700000003301010050000000000300000000000000217921000000106303981000122000946446842155400000000000000000000007703504180120070089002330000072640000010002072640000
000000017610926614530120071012002103296700000003301010020000000000000900000000000000581000000192661453000268000799447415155400000000000000000000007703604180120070089002330000064778000010002064777800
000000017710926614530120071012002103296700000003301010010000000000001140000000000000891000000192661453000268000799447415155400000000000000000000007703604180120070089002330000071000000010002071000000
000000017810926614530120071012002103296700000004101020010000000000000180000000000000141000000192661453000268000799447415155400000000000000000000007703604180120070089002330000079000000010002079000000
000000017910926614530120071012002103296700000003301010050000000000000600000000000000441000000192661453000268000799447415155400000000000000000000007703604180120070089002330000072870000010002072870000
000000018010926614530120071012002103296700000003302010030000000000000720000000000000621000000192661453000268000799447415155400000000000000000000007703604180120070089002330000086650000010002086650000
000000018110926614530120071012002103296700000003302010030000000000002000000000000001731000000189901771000163000818125993155400000000000000000000007704004190120070089002330000086650000010002086650000
000000018210926614530120071012002103296700000003302010020000000000002000000000000001741000000104010746000137000814620711155400000000000000000000007704204190120070089002330000086800000010002086800000
000000018310926614530120071012002103296700000003301010010000000000001260000000000000891000000193326387000151000744146729155400000000000000000000007704904190120070089002330000071000000010002071000000
000000018410926614530120071012002103296700000003301010050000000000000540000000000000391000000195791133000130000835777217155400000000000000000000007706604190120070089002330000072867000010002072866700
000000018510926614530120071012002103296700000004101020010000000000000180000000000000151000000191625038000105000000000000155400000000000000000000007707504190120070089002330000083884000010002083884400
000000018610926614530120071012002103296700000003302010030000000000001000000000000000871000000100702802000143000810528330155400000000000000000000007707604190120070089002330000086660000010002086660000
000000018710926614530120071012002103296700000003301010020000000000004000000000000002821000000191889600000108000769620991155400000000000000000000007708204220120070089002330000070620000010002070620000
000000018810926614530120071012002103296700000003301010010000000000000660000000000000471000000108512257000134000815147440155400000000000000000000007709404220120070089002330000071000000010002071000000
000000018910926614530120071012002103296700000003302010030000000000002000000000000001731000000191495499000100000789328330155400000000000000000000007709804220120070089002330000086650000010002086650000
000000019010926614530120071012002103296700000003301010010000000000001140000000000000811000000192603869000149000815347415155400000000000000000000007711304220120070089002330000071000000010002071000000
000000019110926614530120071012002103296700000004101020010000000000001000000000000000791000000191495226000166000000000000155400000000000000000000007711604220120070089002330000079060000010002079060000
000000019210926614530120071012002103296700000003302010030000000000001000000000000000871000000192752468000150000774828330155400000000000000000000007711904230120070089002330000086660000010002086660000
000000019310926614530120071012002103296700000003301010010000000000002000000000000001581000000106914398000158000753320291155400000000000000000000007712404230120070089002330000078970000010002078970000
000000019410926614530120071012002103296700000003302010030000000000002000000000000001731000000190292970000109000753325993155400000000000000000000007712604230120070089002330000086650000010002086650000
000000019510926614530120071012002103296700000003302010030000000000006000000000000005201000000188363775000334000749728330155400000000000000000000007713104230120070089002330000086650000010002086650000
000000019610926614530120071012002103296700000003301010050000000000000360000000000000261000000182630393000181000837752231155400000000000000000000007713504230120070089002330000072867000010002072866700
000000019710926614530120071012002103296700000003301010050000000000000180000000000000131000000175536557000140000837745200155400000000000000000000007713704230120070089002330000072867000010002072866700
000000019810926614530120071012002103296700000003301010050000000000002000000000000001461000000103483185000120000852128330155400000000000000000000007713804230120070089002330000072870000010002072870000
000000019910926614530120071012002103296700000003302010020000000000010000000000000008661000000102491687000130000756628232155400000000000000000000007714204230120070089002330000086640000010002086640000
000000020010926614530120071012002103296700000003302010030000000000006000000000000005201000000192748904000118000774824512155400000000000000000000007714504240120070089002330000086650000010002086650000
000000020110926614530120071012002103296700000003301010050000000000004000000000000002911000000193976306000169000818020291155400000000000000000000007714604240120070089002330000072870000010002072870000
000000020210926614530120071012002103296700000003302010020000000000002000000000000001741000000104010746000137000814620711155400000000000000000000007714804240120070089002330000086800000010002086800000
000000020310926614530120071012002103296700000003302010030000000000002000000000000001731000000104010746000137000814620711155400000000000000000000007714804240120070089002330000086650000010002086650000
000000020410926614530120071012002103296700000004101020010000000000004000000000000003161000000106914398000158000753320291155400000000000000000000007715304240120070089002330000079060000010002079060000
000000020510926614530120071012002103296700000003301010050000000000001000000000000000731000000188302591000100000753315211155400000000000000000000007715904240120070089002330000072870000010002072870000
000000020610926614530120071012002103296700000004101020010000000000002000000000000001581000000100727001000132000771925993155400000000000000000000007717204240120070089002330000079060000010002079060000
000000020710926614530120071012002103296700000003302010020000000000010000000000000008681000000192104199000116000771915297155400000000000000000000007717304240120070089002330000086800000010002086800000
000000020810926614530120071012002103296700000003302010020000000000008000000000000006941000000190233826000193000756615106155400000000000000000000007717404240120070089002330000086800000010002086800000
000000020910926614530120071012002103296700000003301010050000000000002000000000000001461000000103705616000156000750225438155400000000000000000000007717704240120070089002330000072870000010002072870000
000000021010926614530120071012002103296700000003302010030000000000010000000000000008661000000188941125000248000818024512155400000000000000000000007718004240120070089002330000086650000010002086650000
000000021110926614530120071012002103296700000003302010030000000000001000000000000000871000000103072560000140000748225993155400000000000000000000007718104240120070089002330000086660000010002086660000
000000021210926614530120071012002103296700000003301010050000000000004000000000000002911000000100215380000181000829022196155400000000000000000000007718204240120070089002330000072870000010002072870000
000000021310926614530120071012002103296700000003301010050000000000000540000000000000391000000187237731000133000799446729155400000000000000000000007718304240120070089002330000072870000010002072870000
000000021410926614530120071012002103296700000003302010030000000000002000000000000001731000000192544196000101000776728330155400000000000000000000007721404250120070089002330000086650000010002086650000
000000021510926614530120071012002103296700000003301010020000000000002000000000000001411000000197328090000186000751720291155400000000000000000000007722004250120070089002330000070390000010002070390000
000000021610926614530120071012002103296700000003301010010000000000000900000000000000641000000107840977000166000756647130155400000000000000000000007723704250120070089002330000071000000010002071000000
000000021710926614530120071012002103296700000003302010020000000000010000000000000008661000000102491687000130000756628232155400000000000000000000007724004250120070089002330000086640000010002086640000
000000021810926614530120071012002103296700000003302010030000000000002000000000000001731000000102491687000130000756628232155400000000000000000000007724004250120070089002330000086650000010002086650000
000000021910926614530120071012002103296700000003301010010000000000001740000000000001231000000194616026000102000824547423155400000000000000000000007725104260120070089002330000071000000010002071000000
000000022010926614530120071012002103296700000003301010050000000000001800000000000001311000000189463822000112000756645111155400000000000000000000007725404260120070089002330000072870000010002072870000
000000022110926614530120071012002103296700000003302010020000000000008000000000000006941000000103959238000137000756615106155400000000000000000000007726204260120070089002330000086800000010002086800000
000000022210926614530120071012002103296700000003301010010000000000000180000000000000131000000194147675000101000774847440155400000000000000000000007726404260120070089002330000071000000010002071000000
000000022310926614530120071012002103296700000003301010010000000000002000000000000001581000000194741436000185000788947415155400000000000000000000007727904290120070089002330000078970000010002078970000
000000022410926614530120071011001103296710362853302010020000000000049510000000000042901000000188948492000192000825820991155400000000000000000000037879504290120070089002330000086640000010002086640000
000000022510926614530120071012002103296700000004101020010000000000000360000000000000301000000194741436000185000788947415155400000000000000000000007727904290120070089002330000083884000010002083884400
000000022610926614530120071011001103296710362853301010050000000000049320000000000035791000000188948492000192000825820991155400000000000000000000037881004290120070089002330000072560000010002072560000
000000022710926614530120071012002103296700000003301010010000000000003000000000000002131000000188582481000131000771947415155400000000000000000000007728604290120070089002330000071000000010002071000000
000000022810926614530120071011001103296710362853302010030000000000059660000000000051701000000188948492000192000825820991155400000000000000000000037881704290120070089002330000086650000010002086650000
000000022910926614530120071012002103296700000003302010030000000000020000000000000017331000000102588815000169000848825438155400000000000000000000007729404290120070089002330000086650000010002086650000
000000023010926614530120071012002103296700000003302010080000000000002000000000000001741000000102491687000130000756628232155400000000000000000000007731204290120070089002330000086960000010002086960000
000000023110926614530120071012002103296700000004101020010000000000000300000000000000241000000192661453000268000799447415155400000000000000000000007726904290120070089002330000079060000010002079060000
000000023210926614530120071012002103296700000003302010030000000000001000000000000000871000000192752468000150000774828330155400000000000000000000007731704300120070089002330000086660000010002086660000
000000023310926614530120071011001103296710362853301010050000000000297870000000000216371000000188948492000192000825820991155400000000000000000000037916604300120070089002330000072640000010002072640000
000000023410926614530120071012002103296700000003301010050000000000020000000000000014571000000189515712000157000750215297155400000000000000000000007732104300120070089002330000072870000010002072870000
000000023510926614530120071012002103296700000003302010020000000000010000000000000008681000000190233826000193000756615106155400000000000000000000007734404300120070089002330000086800000010002086800000
000000023610926614530120071012002103296700000003301010050000000000300000000000000217921000000106303981000122000946446842155400000000000000000000007734604300120070089002330000072640000010002072640000
000000023710926614530120071012002103296700000003301010010000000000000480000000000000341000000105287236000174000766747415155400000000000000000000007734704300120070089002330000071000000010002071000000
000000023810926614530120071012002103296700000003301010010000000000001000000000000000791000000191506550000132000751718211155400000000000000000000007734804300120070089002330000078920000010002078920000
000000023910926614530120071012002103296700000003302010020000000000002000000000000001741000000104010746000137000814620711155400000000000000000000007735104310120070089002330000086800000010002086800000
000000024010926614530120071012002103296700000003302010030000000000002000000000000001731000000104010746000137000814620711155400000000000000000000007735104310120070089002330000086650000010002086650000
000000024110926614530120071012002103296700000003301010050000000000002800000000000002041000000127011022000103000799426701155400000000000000000000007736904310120070089002330000072870000010002072870000
