000000000010926614530820070000274
000000000110926614530820073010003103296700000003302010020000000000179150000000000140541000000100000000000000000000000000155400000000000000000000000000000010820070089002330000110000000010002110000000
000000000210926614530820073020003103296700000003302010020000000000070120000000000046401000000100000000000000000000000000155400000000000000000000000000000310820070089002330000110000000010002110000000
000000000310926614530820074011998103296700000003302010020000000000361670000000000313351000000100000000000000000000000000155400000000000000000000000000000310820070089002330000086640000010002086640000
000000000410926614530820071011998103296700000003302010020000000000361670000000000313351000000100000000000000000000000000155400000000000000000000000000000310820070089002330000086640000010002086640000
000000000510926614530820074012998103296700000003302010020000000000470700000000000407491000000100000000000000000000000000155400000000000000000000000000000310820070089002330000086640000010002086640000
000000000610926614530820071012998103296700000003302010020000000000266000000000000216121000000100000000000000000000000000155400000000000000000000000000000310820070089002330000086640000010002086640000
000000000710926614530820071022003103296700000003302010020000000000204700000000000191371000000100000000000000000000000000155400000000000000000000000000000310820070089002330000086640000010002086640000
000000000810926614530820071022998103296700000003302010020000000000204700000000000191371000000100000000000000000000000000155400000000000000000000000000000310820070089002330000086640000010002086640000
000000000910926614530820073010003103296700000003302010030000000000097650000000000084621000000100000000000000000000000000155400000000000000000000000000000010820070089002330000086650000010002086650000
000000001010926614530820073020003103296700000003302010030000000000072170000000000062541000000100000000000000000000000000155400000000000000000000000000000310820070089002330000086650000010002086650000
000000001110926614530820074011998103296700000003302010030000000000301040000000000260851000000100000000000000000000000000155400000000000000000000000000000310820070089002330000086650000010002086650000
000000001210926614530820071011998103296700000003302010030000000000301040000000000260851000000100000000000000000000000000155400000000000000000000000000000310820070089002330000086650000010002086650000
000000001310926614530820074012998103296700000003302010030000000000326520000000000282931000000100000000000000000000000000155400000000000000000000000000000310820070089002330000086650000010002086650000
000000001410926614530820071012998103296700000003302010030000000000262000000000000227081000000100000000000000000000000000155400000000000000000000000000000310820070089002330000086650000010002086650000
000000001510926614530820071022003103296700000003302010030000000000064520000000000055851000000100000000000000000000000000155400000000000000000000000000000310820070089002330000086650000010002086650000
000000001610926614530820071022998103296700000003302010030000000000064520000000000055851000000100000000000000000000000000155400000000000000000000000000000310820070089002330000086650000010002086650000
000000001710926614530820073010003103296700000004101020010000000000001240000000000001021000000100000000000000000000000000155400000000000000000000000000000010820070089002330000079060000010002079060000
000000001810926614530820073020003103296700000004101020010000000000020300000000000016111000000100000000000000000000000000155400000000000000000000000000000310820070089002330000079060000010002079060000
000000001910926614530820074011998103296700000004101020010000000000050000000000000039531000000100000000000000000000000000155400000000000000000000000000000310820070089002330000079060000010002079060000
000000002010926614530820071011998103296700000004101020010000000000050000000000000039531000000100000000000000000000000000155400000000000000000000000000000310820070089002330000079060000010002079060000
000000002110926614530820074012998103296700000004101020010000000000030940000000000024441000000100000000000000000000000000155400000000000000000000000000000310820070089002330000079060000010002079060000
000000002210926614530820071012998103296700000004101020010000000000022820000000000018041000000100000000000000000000000000155400000000000000000000000000000310820070089002330000079060000010002079060000
000000002310926614530820071022003103296700000004101020010000000000008120000000000006401000000100000000000000000000000000155400000000000000000000000000000310820070089002330000079060000010002079060000
000000002410926614530820071022998103296700000004101020010000000000008120000000000006401000000100000000000000000000000000155400000000000000000000000000000310820070089002330000079060000010002079060000
000000002510926614530820073010003103296700000003301010010000000000021150000000000016581000000100000000000000000000000000155400000000000000000000000000000010820070089002330000078970000010002078970000
000000002610926614530820073020003103296700000003301010010000000000023800000000000018691000000100000000000000000000000000155400000000000000000000000000000310820070089002330000078970000010002078970000
000000002710926614530820074011998103296700000003301010010000000000100000000000000078461000000100000000000000000000000000155400000000000000000000000000000310820070089002330000078470000010002078470000
000000002810926614530820071011998103296700000003301010010000000000100000000000000078461000000100000000000000000000000000155400000000000000000000000000000310820070089002330000078470000010002078470000
000000002910926614530820074012998103296700000003301010010000000000097350000000000076351000000100000000000000000000000000155400000000000000000000000000000310820070089002330000078470000010002078470000
000000003010926614530820071012998103296700000003301010010000000000092900000000000071491000000100000000000000000000000000155400000000000000000000000000000310820070089002330000078470000010002078470000
000000003110926614530820071022003103296700000003301010010000000000004450000000000004861000000100000000000000000000000000155400000000000000000000000000000310820070089002330000078470000010002078470000
000000003210926614530820071022998103296700000003301010010000000000004450000000000004861000000100000000000000000000000000155400000000000000000000000000000310820070089002330000078470000010002078470000
000000003310926614530820073010003103296700000003302010080000000000055310000000000048061000000100000000000000000000000000155400000000000000000000000000000010820070089002330000086960000010002086960000
000000003410926614530820073020003103296700000003302010080000000000042910000000000037251000000100000000000000000000000000155400000000000000000000000000000310820070089002330000086960000010002086960000
000000003510926614530820074011998103296700000003302010080000000000030350000000000026331000000100000000000000000000000000155400000000000000000000000000000310820070089002330000086770000010002086770000
000000003610926614530820071011998103296700000003302010080000000000030350000000000026331000000100000000000000000000000000155400000000000000000000000000000310820070089002330000086770000010002086770000
000000003710926614530820074012998103296700000003302010080000000000042750000000000037141000000100000000000000000000000000155400000000000000000000000000000310820070089002330000086770000010002086770000
000000003810926614530820071012998103296700000003302010080000000000022000000000000019131000000100000000000000000000000000155400000000000000000000000000000310820070089002330000086770000010002086770000
000000003910926614530820071022003103296700000003302010080000000000020750000000000018011000000100000000000000000000000000155400000000000000000000000000000310820070089002330000086770000010002086770000
000000004010926614530820071022998103296700000003302010080000000000020750000000000018011000000100000000000000000000000000155400000000000000000000000000000310820070089002330000086770000010002086770000
000000004110926614530820073010003103296700000003301010050000000000132240000000000096031000000100000000000000000000000000155400000000000000000000000000000010820070089002330000072870000010002072870000
000000004210926614530820073020003103296700000003301010050000000000127000000000000092271000000100000000000000000000000000155400000000000000000000000000000310820070089002330000072870000010002072870000
000000004310926614530820074011998103296700000003301010050000000000193260000000000140251000000100000000000000000000000000155400000000000000000000000000000310820070089002330000072640000010002072640000
000000004410926614530820071011998103296700000003301010050000000000193260000000000140251000000100000000000000000000000000155400000000000000000000000000000310820070089002330000072640000010002072640000
000000004510926614530820074012998103296700000003301010050000000000198500000000000144011000000100000000000000000000000000155400000000000000000000000000000310820070089002330000072640000010002072640000
000000004610926614530820071012998103296700000003301010050000000000074190000000000054071000000100000000000000000000000000155400000000000000000000000000000310820070089002330000072640000010002072640000
000000004710926614530820071022003103296700000003301010050000000000124310000000000089941000000100000000000000000000000000155400000000000000000000000000000310820070089002330000072640000010002072640000
000000004810926614530820071022998103296700000003301010050000000000124310000000000089941000000100000000000000000000000000155400000000000000000000000000000310820070089002330000072640000010002072640000
000000004910926614530820073010003103296700000003301010020000000000041160000000000029061000000100000000000000000000000000155400000000000000000000000000000010820070089002330000070620000010002070620000
000000005010926614530820073020003103296700000003301010020000000000017160000000000012111000000100000000000000000000000000155400000000000000000000000000000310820070089002330000070620000010002070620000
000000005110926614530820074011998103296700000003301010020000000000000000000000000000001000000100000000000000000000000000155400000000000000000000000000000310820070089002330000070620000010002070620000
000000005210926614530820071011998103296700000003301010020000000000000000000000000000001000000100000000000000000000000000155400000000000000000000000000000310820070089002330000070620000010002070620000
000000005310926614530820074012998103296700000003301010020000000000024000000000000016951000000100000000000000000000000000155400000000000000000000000000000310820070089002330000070620000010002070620000
000000005410926614530820071012998103296700000003301010020000000000024000000000000016931000000100000000000000000000000000155400000000000000000000000000000310820070089002330000070620000010002070620000
000000005510926614530820071012002103296700000003301010050000000000002000000000000001461000000188302591000100000753315211155400000000000000000000008287404010820070089002330000072870000010002072870000
000000005610926614530820071012002103296700000003302010030000000000001000000000000000871000000102027575000123000753320291155400000000000000000000008287504010820070089002330000086660000010002086660000
000000005710926614530820071012002103296700000003301010050000000000002000000000000001461000000188611835000129000756629301155400000000000000000000008288004010820070089002330000072870000010002072870000
000000005810926614530820071012002103296700000003302010030000000000001000000000000000871000000100702802000143000810528330155400000000000000000000008288104010820070089002330000086660000010002086660000
000000005910926614530820071012002103296700000003302010020000000000010000000000000008681000000192104199000116000771915297155400000000000000000000008288404010820070089002330000086800000010002086800000
000000006010926614530820071012002103296700000003302010030000000000002000000000000001731000000189786602000120000789328330155400000000000000000000008288604010820070089002330000086650000010002086650000
000000006110926614530820071012002103296700000003302010020000000000010000000000000008681000000103959238000137000756615106155400000000000000000000008288704010820070089002330000086800000010002086800000
000000006210926614530820071012002103296700000003302010030000000000010000000000000008661000000108338687000181000756620711155400000000000000000000008288904010820070089002330000086650000010002086650000
000000006310926614530820071012002103296700000003301010010000000000001140000000000000811000000181341539000106000850747440155400000000000000000000008289104010820070089002330000071000000010002071000000
000000006410926614530820071012002103296700000003302010020000000000004000000000000003471000000102491687000130000756628232155400000000000000000000008290604010820070089002330000086800000010002086800000
000000006510926614530820071012002103296700000003302010020000000000010000000000000008681000000102079656000177000751720291155400000000000000000000008291004020820070089002330000086800000010002086800000
000000006610926614530820071012002103296700000003301010010000000000001000000000000000791000000191506550000132000751718211155400000000000000000000008291104020820070089002330000078920000010002078920000
000000006710926614530820071012002103296700000003301010050000000000000720000000000000521000000104979039000153000818022293155400000000000000000000008291204020820070089002330000072870000010002072870000
000000006810926614530820071012002103296700000003301010010000000000002000000000000001581000000193126241000162000799420614155400000000000000000000008292904020820070089002330000078970000010002078970000
000000006910926614530820071012002103296700000003302010030000000000010000000000000008661000000104654447000488000756627104155400000000000000000000008293704020820070089002330000086650000010002086650000
000000007010926614530820071012002103296700000003302010020000000000002000000000000001741000000102878336000187000814620291155400000000000000000000008293804020820070089002330000086800000010002086800000
000000007110926614530820071012002103296700000003301010020000000000002000000000000001411000000197328090000186000751720291155400000000000000000000008294004020820070089002330000070390000010002070390000
000000007210926614530820071012002103296700000003302010030000000000008000000000000006931000000192015064000265000795324512155400000000000000000000008295304020820070089002330000086650000010002086650000
000000007310926614530820071012002103296700000003301010010000000000000960000000000000691000000192661453000268000799447415155400000000000000000000008291304020820070089002330000071000000010002071000000
000000007410926614530820071012002103296700000004101020010000000000000540000000000000451000000192661453000268000799447415155400000000000000000000008291304020820070089002330000083884000010002083884400
000000007510926614530820071012002103296700000003301010050000000000001440000000000001051000000192661453000268000799447415155400000000000000000000008291304020820070089002330000072870000010002072870000
000000007610926614530820071012002103296700000003301010010000000000001500000000000001061000000192661453000268000799447415155400000000000000000000008292404020820070089002330000071000000010002071000000
000000007710926614530820071012002103296700000003301010050000000000000180000000000000131000000192697093000173000799449213155400000000000000000000008296804030820070089002330000072870000010002072870000
000000007810926614530820071012002103296700000003301010050000000000002000000000000001461000000102487863000160000766728232155400000000000000000000008296904030820070089002330000072870000010002072870000
000000007910926614530820071012002103296700000003301010010000000000002000000000000001581000000173321655000135000846318121155400000000000000000000008297304030820070089002330000078970000010002078970000
000000008010926614530820071012002103296700000003301010050000000000002000000000000001461000000188611835000129000756629301155400000000000000000000008297804030820070089002330000072870000010002072870000
000000008110926614530820071012002103296700000003302010020000000000010000000000000008681000000108338687000181000756620711155400000000000000000000008298404030820070089002330000086800000010002086800000
000000008210926614530820071012002103296700000003302010030000000000020000000000000017331000000108338687000181000756620711155400000000000000000000008298404030820070089002330000086650000010002086650000
000000008310926614530820071012002103296700000003302010030000000000002000000000000001731000000189786602000120000789328330155400000000000000000000008299704030820070089002330000086650000010002086650000
000000008410926614530820071012002103296700000003302010030000000000001000000000000000871000000192752468000150000774828330155400000000000000000000008300504060820070089002330000086660000010002086660000
000000008510926614530820071012002103296700000003302010020000000000004000000000000003471000000106914398000158000753320291155400000000000000000000008300604060820070089002330000086800000010002086800000
000000008610926614530820071012002103296700000003301010020000000000004000000000000002821000000107079525000103000814622293155400000000000000000000008301404060820070089002330000070620000010002070620000
000000008710926614530820071012002103296700000003302010020000000000010000000000000008681000000190233826000193000756615106155400000000000000000000008302204060820070089002330000086800000010002086800000
000000008810926614530820071012002103296700000003302010020000000000002000000000000001741000000102491687000130000756628232155400000000000000000000008302304060820070089002330000086800000010002086800000
000000008910926614530820071012002103296700000003302010020000000000010000000000000008681000000108338687000181000756620711155400000000000000000000008304204060820070089002330000086800000010002086800000
000000009010926614530820071012002103296700000003302010020000000000010000000000000008681000000102079656000177000751720291155400000000000000000000008305204070820070089002330000086800000010002086800000
000000009110926614530820071011001103296710331823301010010000000000050000000000000039231000000134274233006801000753320991155400000000000000000000012595305070820070089002330000078470000010002078470000
000000009210926614530820071012002103296700000003302010020000000000002000000000000001741000000104010746000137000814620711155400000000000000000000008305304070820070089002330000086800000010002086800000
000000009310926614530820071011001103296710331824101020010000000000050000000000000039531000000134274233006801000753320991155400000000000000000000012595405070820070089002330000079060000010002079060000
000000009410926614530820071012002103296700000003302010030000000000004000000000000003471000000104010746000137000814620711155400000000000000000000008305304070820070089002330000086650000010002086650000
000000009510926614530820071012002103296700000003301010050000000000002000000000000001461000000193126241000162000799420614155400000000000000000000008305604070820070089002330000072870000010002072870000
000000009610926614530820071012002103296700000003301010050000000000000360000000000000261000000104979039000153000818022293155400000000000000000000008305804070820070089002330000072870000010002072870000
000000009710926614530820071012002103296700000003302010030000000000002000000000000001731000000193903755000187000814624521155400000000000000000000008306004070820070089002330000086650000010002086650000
000000009810926614530820071012002103296700000004101020010000000000002000000000000001581000000192696418000101000753328232155400000000000000000000008307304070820070089002330000079060000010002079060000
000000009910926614530820071012002103296700000003302010030000000000020000000000000017331000000187288940000297000793828330155400000000000000000000008308604070820070089002330000086650000010002086650000
000000010010926614530820071012002103296700000003301010050000000000002000000000000001461000000103483185000120000852128330155400000000000000000000008308904070820070089002330000072870000010002072870000
000000010110926614530820071012002103296700000003302010030000000000001000000000000000871000000104220434000158000756625993155400000000000000000000008309404070820070089002330000086660000010002086660000
000000010210926614530820071012002103296700000003302010020000000000004000000000000003471000000102491687000130000756628232155400000000000000000000008310404070820070089002330000086800000010002086800000
000000010310926614530820071012002103296700000003301010010000000000002040000000000001441000000106925014000100000756647415155400000000000000000000008310504070820070089002330000071000000010002071000000
000000010410926614530820071012002103296700000004101020010000000000001000000000000000791000000192883110000152000799433163155400000000000000000000008311004080820070089002330000079060000010002079060000
000000010510926614530820071011001103296710362853301010050000000000031000000000000022491000000188948492000192000825820991155400000000000000000000040170604080820070089002330000072560000010002072560000
000000010610926614530820071012002103296700000003302010080000000000002000000000000001741000000193360162000111000750220738155400000000000000000000008311204080820070089002330000086960000010002086960000
000000010710926614530820071011001103296710362853302010030000000000070410000000000061011000000188948492000192000825820991155400000000000000000000040170904080820070089002330000086650000010002086650000
000000010810926614530820071012002103296700000003301010050000000000004000000000000002911000000193976306000169000818020291155400000000000000000000008311304080820070089002330000072870000010002072870000
000000010910926614530820071012002103296700000003301010050000000000001000000000000000731000000189688287000106000829415297155400000000000000000000008312704080820070089002330000072870000010002072870000
000000011010926614530820071012002103296700000003301010050000000000002000000000000001461000000188611835000129000756629301155400000000000000000000008313104080820070089002330000072870000010002072870000
000000011110926614530820071012002103296700000003301010010000000000010000000000000007901000000192726785000100000774431012155400000000000000000000008313704080820070089002330000078970000010002078970000
000000011210926614530820071012002103296700000003301010050000000000000900000000000000661000000104754028000175000850722293155400000000000000000000008314004080820070089002330000072867000010002072866700
000000011310926614530820071012002103296700000003302010030000000000002000000000000001731000000191495499000100000789328330155400000000000000000000008314804080820070089002330000086650000010002086650000
000000011410926614530820071012002103296700000003302010030000000000020000000000000017331000000108338687000181000756620711155400000000000000000000008314904080820070089002330000086650000010002086650000
000000011510926614530820071012002103296700000003302010030000000000006000000000000005201000000188363775000334000749728330155400000000000000000000008315304080820070089002330000086650000010002086650000
000000011610926614530820071012002103296700000003302010030000000000010000000000000008661000000104654447000488000756627104155400000000000000000000008315804080820070089002330000086650000010002086650000
000000011710926614530820071012002103296700000003301010010000000000000180000000000000151000000191213421000156000774818211155400000000000000000000008316004090820070089002330000085278000010002085277800
000000011810926614530820071011001103296710362853302010020000000000100750000000000087291000000188948492000192000825820991155400000000000000000000040171004090820070089002330000086640000010002086640000
000000011910926614530820071012002103296700000003301010010000000000002000000000000001581000000191408138000180000812720614155400000000000000000000008317204090820070089002330000078970000010002078970000
000000012010926614530820071012002103296700000004101020010000000000002000000000000001581000000191408138000180000812720614155400000000000000000000008317204090820070089002330000079060000010002079060000
000000012110926614530820071012002103296700000003301010050000000000001000000000000000731000000191408138000180000812720614155400000000000000000000008317204090820070089002330000072870000010002072870000
000000012210926614530820071012002103296700000003301010010000000000002000000000000001581000000192632678000105000774833198155400000000000000000000008317404090820070089002330000078970000010002078970000
000000012310926614530820071012002103296700000003301010050000000000002000000000000001461000000193785822000106000756629301155400000000000000000000008317904090820070089002330000072870000010002072870000
000000012410926614530820071012002103296700000003302010020000000000010000000000000008681000000102079656000177000751720291155400000000000000000000008318304090820070089002330000086800000010002086800000
000000012510926614530820071012002103296700000003302010020000000000006000000000000005211000000102491687000130000756628232155400000000000000000000008319404090820070089002330000086800000010002086800000
000000012610926614530820071012002103296700000003301010010000000000004000000000000003161000000104010746000137000814620711155400000000000000000000008320304100820070089002330000078970000010002078970000
000000012710926614530820071012002103296700000003301010050000000000000540000000000000391000000104979039000153000818022293155400000000000000000000008320404100820070089002330000072870000010002072870000
000000012810926614530820071012002103296700000003301010010000000000000360000000000000261000000190552472000140000793332124155400000000000000000000008321004100820070089002330000071000000010002071000000
000000012910926614530820071012002103296700000004101020010000000000000180000000000000141000000190552472000140000793332124155400000000000000000000008321004100820070089002330000079000000010002079000000
000000013010926614530820071012002103296700000004101020010000000000004000000000000003161000000191408138000180000812720614155400000000000000000000008321304100820070089002330000079060000010002079060000
000000013110926614530820071012002103296700000003301010050000000000002000000000000001461000000193899359000123000828827511155400000000000000000000008321604100820070089002330000072870000010002072870000
000000013210926614530820071012002103296700000003301010010000000000002000000000000001581000000104533318000199000743125993155400000000000000000000008322004100820070089002330000078970000010002078970000
000000013310926614530820071012002103296700000003301010050000000000002000000000000001461000000188611835000129000756629301155400000000000000000000008323104100820070089002330000072870000010002072870000
000000013410926614530820071012002103296700000003302010030000000000004000000000000003471000000197275952000150000741628330155400000000000000000000008324704130820070089002330000086650000010002086650000
000000013510926614530820071012002103296700000003301010010000000000001000000000000000791000000191506550000132000751718211155400000000000000000000008324804130820070089002330000078920000010002078920000
000000013610926614530820071012002103296700000003301010050000000000000540000000000000391000000104979039000153000818022293155400000000000000000000008325004130820070089002330000072870000010002072870000
000000013710926614530820071012002103296700000003301010020000000000004000000000000002821000000107079525000103000814622293155400000000000000000000008325104130820070089002330000070620000010002070620000
000000013810926614530820071012002103296700000003302010030000000000002000000000000001731000000104010746000137000814620711155400000000000000000000008325704130820070089002330000086650000010002086650000
000000013910926614530820071012002103296700000003301010010000000000000360000000000000261000000108512257000134000815147440155400000000000000000000008326004130820070089002330000071000000010002071000000
000000014010926614530820071012002103296700000003301010010000000000000540000000000000381000000190297383000102000774846729155400000000000000000000008326204130820070089002330000071000000010002071000000
000000014110926614530820071012002103296700000004101020010000000000000180000000000000141000000190297383000102000774846729155400000000000000000000008326204130820070089002330000079000000010002079000000
000000014210926614530820071012002103296700000003302010030000000000004000000000000003471000000192544196000101000776728330155400000000000000000000008326504130820070089002330000086650000010002086650000
000000014310926614530820071012002103296700000003301010010000000000000780000000000000561000000106925014000100000756647415155400000000000000000000008327104130820070089002330000071000000010002071000000
000000014410926614530820071012002103296700000003301010010000000000000180000000000000131000000102969606000165000850746125155400000000000000000000008327304130820070089002330000071000000010002071000000
000000014510926614530820071012002103296700000004101020010000000000000180000000000000141000000102969606000165000850746125155400000000000000000000008327304130820070089002330000079000000010002079000000
000000014610926614530820071012002103296700000003301010050000000000000010000000000000011000000102969606000165000850746125155400000000000000000000008327304130820070089002330000072867000010002072866700
000000014710926614530820071012002103296700000003301010050000000000000180000000000000131000000100909027000100000850720291155400000000000000000000008328304130820070089002330000072867000010002072866700
000000014810926614530820071012002103296700000004101020010000000000002000000000000001581000000106914398000158000753320291155400000000000000000000008328404130820070089002330000079060000010002079060000
000000014910926614530820071012002103296700000003302010030000000000002000000000000001731000000103571417000100000750225438155400000000000000000000008328804140820070089002330000086650000010002086650000
000000015010926614530820071011001103296710362853302010020000000000100050000000000086681000000188948492000192000825820991155400000000000000000000040237804140820070089002330000086640000010002086640000
000000015110926614530820071012002103296700000003301010050000000000002000000000000001461000000188302591000100000753315211155400000000000000000000008329104140820070089002330000072870000010002072870000
000000015210926614530820071011001103296710362853301010050000000000030550000000000022171000000188948492000192000825820991155400000000000000000000040238104140820070089002330000072560000010002072560000
000000015310926614530820071012002103296700000003301010050000000000001000000000000000731000000107307501000164000756624491155400000000000000000000008331304140820070089002330000072870000010002072870000
000000015410926614530820071011001103296710362853302010030000000000069720000000000060411000000188948492000192000825820991155400000000000000000000040239704140820070089002330000086650000010002086650000
000000015510926614530820071012002103296700000003301010050000000000002000000000000001461000000188611835000129000756629301155400000000000000000000008331404140820070089002330000072870000010002072870000
000000015610926614530820071012002103296700000003302010030000000000004000000000000003471000000104654447000305000756624512155400000000000000000000008332104140820070089002330000086650000010002086650000
000000015710926614530820071012002103296700000003302010020000000000002000000000000001741000000102491687000130000756628232155400000000000000000000008333404140820070089002330000086800000010002086800000
000000015810926614530820071012002103296700000003302010020000000000010000000000000008681000000190233826000193000756615106155400000000000000000000008333804140820070089002330000086800000010002086800000
000000015910926614530820071012002103296700000003301010050000000000000720000000000000521000000187237731000133000799446729155400000000000000000000008334504150820070089002330000072870000010002072870000
000000016010926614530820071012002103296700000003301010050000000000002000000000000001461000000103705616000156000750225438155400000000000000000000008335004150820070089002330000072870000010002072870000
000000016110926614530820071012002103296700000003302010030000000000020000000000000017331000000187288940000297000793828330155400000000000000000000008336004150820070089002330000086650000010002086650000
000000016210926614530820071012002103296700000003302010030000000000010000000000000008661000000108338687000181000756620711155400000000000000000000008338004150820070089002330000086650000010002086650000
000000016310926614530820071012002103296700000003301010010000000000000780000000000000561000000104087937000105000815347415155400000000000000000000008338104150820070089002330000071000000010002071000000
000000016410926614530820071012002103296700000004101020010000000000002000000000000001581000000194314796000109000753947415155400000000000000000000008340004150820070089002330000079060000010002079060000
000000016510926614530820071012002103296700000003301010010000000000000720000000000000511000000192661453000268000799447415155400000000000000000000008334704150820070089002330000071000000010002071000000
000000016610926614530820071012002103296700000003301010050000000000000540000000000000391000000104979039000153000818022293155400000000000000000000008342804160820070089002330000072870000010002072870000
000000016710926614530820071012002103296700000003302010030000000000002000000000000001731000000175493577000181000843020711155400000000000000000000008343104160820070089002330000086650000010002086650000
000000016810926614530820071012002103296700000003302010020000000000002000000000000001741000000102491687000130000756628232155400000000000000000000008343904160820070089002330000086800000010002086800000
000000016910926614530820071012002103296700000003301010010000000000000720000000000000611000000189278519000140000756631012155400000000000000000000008344004160820070089002330000085278000010002085277800
000000017010926614530820071012002103296700000003301010050000000000001000000000000000731000000104654447000488000756627104155400000000000000000000008344204160820070089002330000072870000010002072870000
000000017110926614530820071012002103296700000003302010020000000000004000000000000003471000000104405220000237000756020193155400000000000000000000008344404160820070089002330000086800000010002086800000
000000017210926614530820071012002103296700000003302010030000000000004000000000000003471000000104405220000237000756020193155400000000000000000000008344404160820070089002330000086650000010002086650000
000000017310926614530820071012002103296700000003301010010000000000004500000000000003201000000105410753000199000756647415155400000000000000000000008345004160820070089002330000071000000010002071000000
000000017410926614530820071012002103296700000003302010020000000000002000000000000001741000000106914398000158000753320291155400000000000000000000008345404170820070089002330000086800000010002086800000
000000017510926614530820071012002103296700000003302010020000000000002000000000000001741000000104010746000137000814620711155400000000000000000000008345504170820070089002330000086800000010002086800000
000000017610926614530820071012002103296700000003302010030000000000002000000000000001731000000104010746000137000814620711155400000000000000000000008345504170820070089002330000086650000010002086650000
000000017710926614530820071012002103296700000003301010010000000000000180000000000000131000000194616026000102000824547423155400000000000000000000008346604170820070089002330000071000000010002071000000
000000017810926614530820071012002103296700000004101020010000000000000180000000000000141000000194616026000102000824547423155400000000000000000000008346604170820070089002330000079000000010002079000000
000000017910926614530820071012002103296700000003302010020000000000002000000000000001741000000102491687000130000756628232155400000000000000000000008346804170820070089002330000086800000010002086800000
000000018010926614530820071012002103296700000003301010050000000000004000000000000002911000000187296778000178000782315106155400000000000000000000008347104170820070089002330000072870000010002072870000
000000018110926614530820071012002103296700000003302010030000000000010000000000000008661000000104654447000488000756627104155400000000000000000000008348604170820070089002330000086650000010002086650000
000000018210926614530820071012002103296700000003301010050000000000002000000000000001461000000188611835000129000756629301155400000000000000000000008349104170820070089002330000072870000010002072870000
000000018310926614530820071012002103296700000003302010030000000000001000000000000000871000000192752468000150000774828330155400000000000000000000008350004200820070089002330000086660000010002086660000
000000018410926614530820071011001103296710362853301010050000000000050650000000000036751000000188948492000192000825820991155400000000000000000000040289904200820070089002330000072560000010002072560000
000000018510926614530820071012002103296700000003301010050000000000000540000000000000381000000172473630000194000769646729155400000000000000000000008350204200820070089002330000071000000010002071000000
000000018610926614530820071011001103296710362853302010030000000000110810000000000096021000000188948492000192000825820991155400000000000000000000040299904200820070089002330000086650000010002086650000
000000018710926614530820071012002103296700000003301010010000000000000180000000000000131000000172473630000194000769646729155400000000000000000000008350204200820070089002330000071000000010002071000000
000000018810926614530820071012002103296700000004101020010000000000000540000000000000431000000172473630000194000769646729155400000000000000000000008350204200820070089002330000079000000010002079000000
000000018910926614530820071012002103296700000004101020010000000000002000000000000001581000000106914398000158000753320291155400000000000000000000008350904200820070089002330000079060000010002079060000
000000019010926614530820071012002103296700000003302010030000000000002000000000000001731000000105995316000184000774247415155400000000000000000000008351104200820070089002330000086660000010002086660000
000000019110926614530820071012002103296700000003302010030000000000002000000000000001731000000192865674000177000756645200155400000000000000000000008352204200820070089002330000086650000010002086650000
000000019210926614530820071012002103296700000003302010030000000000001000000000000000871000000106205037000132000748225993155400000000000000000000008352504200820070089002330000086660000010002086660000
000000019310926614530820071012002103296700000003302010020000000000002000000000000001741000000102491687000130000756628232155400000000000000000000008353804200820070089002330000086800000010002086800000
000000019410926614530820071012002103296700000003302010020000000000010000000000000008681000000190233826000193000756615106155400000000000000000000008354204200820070089002330000086800000010002086800000
000000019510926614530820071012002103296700000003301010010000000000001000000000000000791000000191777078000172000753346478155400000000000000000000008354604210820070089002330000078920000010002078920000
000000019610926614530820071012002103296700000003302010020000000000002000000000000001741000000104010746000137000814620711155400000000000000000000008355004210820070089002330000086800000010002086800000
000000019710926614530820071012002103296700000003302010030000000000002000000000000001731000000104010746000137000814620711155400000000000000000000008355004210820070089002330000086650000010002086650000
000000019810926614530820071012002103296700000003301010050000000000000540000000000000391000000104979039000153000818022293155400000000000000000000008355504210820070089002330000072870000010002072870000
000000019910926614530820071012002103296700000003302010030000000000020000000000000017331000000187288940000297000793828330155400000000000000000000008356704210820070089002330000086650000010002086650000
000000020010926614530820071012002103296700000003301010010000000000000360000000000000261000000195268652000118000774845307155400000000000000000000008356804210820070089002330000071000000010002071000000
000000020110926614530820071012002103296700000003302010020000000000004000000000000003471000000104010746000137000814620711155400000000000000000000008358404210820070089002330000086800000010002086800000
000000020210926614530820071012002103296700000003302010030000000000004000000000000003471000000104010746000137000814620711155400000000000000000000008358404210820070089002330000086650000010002086650000
000000020310926614530820071012002103296700000003301010050000000000003200000000000002331000000127011022000103000799426701155400000000000000000000008359004220820070089002330000072870000010002072870000
000000020410926614530820071012002103296700000004101020010000000000002400000000000001901000000162004395006199000774818130155400000000000000000000008359104220820070089002330000079060000010002079060000
000000020510926614530820071012002103296700000003301010010000000000000600000000000000431000000187237731000133000799446729155400000000000000000000008359304220820070089002330000071000000010002071000000
000000020610926614530820071012002103296700000003301010050000000000002000000000000001461000000193126241000162000799420614155400000000000000000000008359404220820070089002330000072870000010002072870000
000000020710926614530820071012002103296700000003301010050000000000002000000000000001461000000188611835000129000756629301155400000000000000000000008360604220820070089002330000072870000010002072870000
000000020810926614530820071012002103296700000003301010010000000000001000000000000000791000000191506550000132000751718211155400000000000000000000008361004220820070089002330000078920000010002078920000
000000020910926614530820071012002103296700000003301010020000000000006000000000000004241000000106880480000109000791813405155400000000000000000000008363404230820070089002330000070620000010002070620000
000000021010926614530820071012002103296700000003302010030000000000002000000000000001731000000192544196000101000776728330155400000000000000000000008364804230820070089002330000086650000010002086650000
000000021110926614530820071012002103296700000003302010030000000000010000000000000008661000000102588815000169000848825438155400000000000000000000008365404230820070089002330000086650000010002086650000
000000021210926614530820071012002103296700000003302010030000000000010000000000000008661000000104654447000488000756627104155400000000000000000000008366504230820070089002330000086650000010002086650000
000000021310926614530820071012002103296700000003302010020000000000020000000000000017331000000108338687000181000756620711155400000000000000000000008366604230820070089002330000086640000010002086640000
000000021410926614530820071012002103296700000003302010020000000000002000000000000001741000000102491687000130000756628232155400000000000000000000008367404230820070089002330000086800000010002086800000
000000021510926614530820071012002103296700000003301010010000000000000360000000000000311000000192661453000268000799447415155400000000000000000000008365604230820070089002330000085278000010002085277800
000000021610926614530820071012002103296700000003301010050000000000000540000000000000391000000104979039000153000818022293155400000000000000000000008368504240820070089002330000072870000010002072870000
000000021710926614530820071012002103296700000003301010020000000000002000000000000001411000000107079525000103000814622293155400000000000000000000008368704240820070089002330000070620000010002070620000
000000021810926614530820071012002103296700000003301010050000000000002000000000000001461000000188611835000129000756629301155400000000000000000000008370604240820070089002330000072870000010002072870000
000000021910926614530820071012002103296700000003301010050000000000000900000000000000661000000104754028000175000850722293155400000000000000000000008371704240820070089002330000072867000010002072866700
000000022010926614530820071012002103296700000003301010010000000000000360000000000000261000000107061323000134000759347130155400000000000000000000008372504240820070089002330000071000000010002071000000
000000022110926614530820071012002103296700000004101020010000000000000360000000000000281000000107061323000134000759347130155400000000000000000000008372504240820070089002330000079000000010002079000000
000000022210926614530820071012002103296700000003301010010000000000001080000000000000771000000191722769000179000774446729155400000000000000000000008372604240820070089002330000071000000010002071000000
000000022310926614530820071012002103296700000004101020010000000000001080000000000000851000000191722769000179000774446729155400000000000000000000008372604240820070089002330000079000000010002079000000
000000022410926614530820071012002103296700000003301010010000000000000180000000000000131000000102461349000156000753947130155400000000000000000000008372704240820070089002330000071000000010002071000000
000000022510926614530820071012002103296700000004101020010000000000000180000000000000141000000102461349000156000753947130155400000000000000000000008372704240820070089002330000079000000010002079000000
000000022610926614530820071012002103296700000003302010020000000000010000000000000008681000000102079656000177000751720291155400000000000000000000008373504270820070089002330000086800000010002086800000
000000022710926614530820071011001103296710362853302010020000000000080550000000000069791000000188948492000192000825820991155400000000000000000000040385104270820070089002330000086640000010002086640000
000000022810926614530820071012002103296700000003301010020000000000002000000000000001411000000191952978000109000791822293155400000000000000000000008374204270820070089002330000070620000010002070620000
000000022910926614530820071011001103296710362853302010030000000000050100000000000043411000000188948492000192000825820991155400000000000000000000040386404270820070089002330000086650000010002086650000
000000023010926614530820071012002103296700000003302010080000000000020000000000000017391000000189515712000157000750215297155400000000000000000000008374704270820070089002330000086960000010002086960000
000000023110926614530820071011001103296710362853301010050000000000030690000000000022291000000188948492000192000825820991155400000000000000000000040386504270820070089002330000072640000010002072640000
000000023210926614530820071012002103296700000003302010020000000000004000000000000003471000000104405220000237000756020193155400000000000000000000008377604270820070089002330000086800000010002086800000
000000023310926614530820071012002103296700000003302010020000000000010000000000000008681000000190233826000193000756615106155400000000000000000000008378304270820070089002330000086800000010002086800000
000000023410926614530820071012002103296700000003302010030000000000006000000000000005201000000188363775000334000749728330155400000000000000000000008378404270820070089002330000086650000010002086650000
000000023510926614530820071012002103296700000003301010010000000000004000000000000003161000000106914398000158000753320291155400000000000000000000008379704280820070089002330000078970000010002078970000
000000023610926614530820071012002103296700000003301010050000000000002000000000000001461000000188302591000100000753315211155400000000000000000000008379904280820070089002330000072870000010002072870000
000000023710926614530820071012002103296700000003301010010000000000000660000000000000471000000108512257000134000815147440155400000000000000000000008380804280820070089002330000071000000010002071000000
000000023810926614530820071012002103296700000003301010050000000000002000000000000001461000000188611835000129000756629301155400000000000000000000008381004280820070089002330000072870000010002072870000
000000023910926614530820071012002103296700000003302010020000000000008000000000000006941000000102491687000130000756628232155400000000000000000000008381204280820070089002330000086800000010002086800000
000000024010926614530820071012002103296700000003302010030000000000002000000000000001731000000189786602000120000789328330155400000000000000000000008381304280820070089002330000086650000010002086650000
000000024110926614530820071012002103296700000004101020010000000000002000000000000001581000000193532968000140000756618113155400000000000000000000008381604280820070089002330000079060000010002079060000
000000024210926614530820071012002103296700000003301010050000000000000540000000000000391000000104979039000153000818022293155400000000000000000000008381804280820070089002330000072870000010002072870000
000000024310926614530820071012002103296700000003301010020000000000004000000000000002821000000107079525000103000814622293155400000000000000000000008381904280820070089002330000070620000010002070620000
000000024410926614530820071012002103296700000003301010050000000000004000000000000002911000000104835184000160000771947890155400000000000000000000008382004280820070089002330000072870000010002072870000
000000024510926614530820071012002103296700000003302010030000000000001000000000000000871000000192752468000150000774828330155400000000000000000000008382304280820070089002330000086660000010002086660000
000000024610926614530820071012002103296700000003302010020000000000010000000000000008681000000192104199000116000771915297155400000000000000000000008382404280820070089002330000086800000010002086800000
000000024710926614530820071012002103296700000003302010020000000000010000000000000008681000000103959238000137000756615106155400000000000000000000008382504280820070089002330000086800000010002086800000
000000024810926614530820071012002103296700000003302010020000000000004000000000000003471000000106914398000158000753320291155400000000000000000000008384704280820070089002330000086800000010002086800000
000000024910926614530820071012002103296700000003301010010000000000004000000000000003161000000194360567000112000766546478155400000000000000000000008385004290820070089002330000078970000010002078970000
000000025010926614530820071011001103296710331823301010010000000000050000000000000039231000000134274233006801000753320991155400000000000000000000013701705290820070089002330000078470000010002078470000
000000025110926614530820071012002103296700000003302010020000000000010000000000000008681000000102079656000177000751720291155400000000000000000000008385204290820070089002330000086800000010002086800000
000000025210926614530820071012002103296700000003301010010000000000030000000000000023541000000193763555000176000799446842155400000000000000000000008386404290820070089002330000078470000010002078470000
000000025310926614530820071012002103296700000003301010010000000000001560000000000001111000000192603869000149000815347415155400000000000000000000008386904290820070089002330000071000000010002071000000
000000025410926614530820071012002103296700000003301010050000000000002000000000000001461000000193785822000106000756629301155400000000000000000000008387004290820070089002330000072870000010002072870000
000000025510926614530820071012002103296700000003302010020000000000020000000000000002601000000193781904000182000774822293155400000000000000000000008387304290820070089002330000013000000010002013000000
000000025610926614530820071012002103296700000003301010010000000000001080000000000000771000000107840977000166000756647130155400000000000000000000008387404290820070089002330000071000000010002071000000
000000025710926614530820071012002103296700000003302010030000000000010000000000000008661000000108338687000181000756620711155400000000000000000000008387604290820070089002330000086650000010002086650000
000000025810926614530820071012002103296700000003302010020000000000008000000000000006941000000102491687000130000756628232155400000000000000000000008390904300820070089002330000086800000010002086800000
000000025910926614530820071011001103296710362853301010050000000000050370000000000036551000000188948492000192000825820991155400000000000000000000040433004300820070089002330000072560000010002072560000
000000026010926614530820071012002103296700000003301010050000000000002000000000000001461000000102487863000160000766728232155400000000000000000000008391004300820070089002330000072870000010002072870000
000000026110926614530820071011001103296710362853302010080000000000030350000000000026331000000188948492000192000825820991155400000000000000000000040433504300820070089002330000086770000010002086770000
000000026210926614530820071012002103296700000003301010010000000000002180000000000001711000000102463328000170000825047415155400000000000000000000008391304300820070089002330000071000000010002071000000
000000026310926614530820071011001103296710362853302010020000000000080320000000000069591000000188948492000192000825820991155400000000000000000000040433804300820070089002330000086640000010002086640000
000000026410926614530820071012002103296700000003301010050000000000000360000000000000261000000183487124000170000837745307155400000000000000000000008391404300820070089002330000072867000010002072866700
000000026510926614530820071012002103296700000003301010050000000000000360000000000000261000000182630393000181000837752231155400000000000000000000008391504300820070089002330000072867000010002072866700
000000026610926614530820071012002103296700000003301010050000000000000180000000000000131000000102584672000117000850722293155400000000000000000000008391604300820070089002330000072867000010002072866700
000000026710926614530820071012002103296700000003302010020000000000004000000000000003471000000104010746000137000814620711155400000000000000000000008393704310820070089002330000086800000010002086800000
000000026810926614530820071012002103296700000003302010030000000000004000000000000003471000000104010746000137000814620711155400000000000000000000008393704310820070089002330000086650000010002086650000
000000026910926614530820071012002103296700000003301010010000000000000360000000000000261000000194616026000102000824547423155400000000000000000000008394704310820070089002330000071000000010002071000000
000000027010926614530820071012002103296700000003301010050000000000002000000000000001461000000188611835000129000756629301155400000000000000000000008395304310820070089002330000072870000010002072870000
000000027110926614530820071012002103296700000003302010030000000000001000000000000000871000000100585002000190000799420291155400000000000000000000008395504310820070089002330000086650000010002086650000
000000027210926614530820071012002103296700000003301010010000000000003000000000000002131000000194136686000196000756647415155400000000000000000000008395704310820070089002330000071000000010002071000000
000000027310926614530820071012002103296700000003301010050000000000000900000000000000661000000104754028000175000850722293155400000000000000000000008396404310820070089002330000072867000010002072866700
