000000000010926614530520080000279
000000000110926614530520083010003103296700000003302010020000000000229420000000000185601000000100000000000000000000000000155400000000000000000000000000000010520080089002330000110000000010002110000000
000000000210926614530520083020003103296700000003302010020000000000218240000000000176471000000100000000000000000000000000155400000000000000000000000000000310520080089002330000110000000010002110000000
000000000310926614530520084011998103296700000003302010020000000000962260000000000834291000000100000000000000000000000000155400000000000000000000000000000310520080089002330000087000000010002087000000
000000000410926614530520081011998103296700000003302010020000000000962260000000000834291000000100000000000000000000000000155400000000000000000000000000000310520080089002330000087000000010002087000000
000000000510926614530520084012998103296700000003302010020000000000973440000000000843421000000100000000000000000000000000155400000000000000000000000000000310520080089002330000087000000010002087000000
000000000610926614530520081012998103296700000003302010020000000000682000000000000591111000000100000000000000000000000000155400000000000000000000000000000310520080089002330000087000000010002087000000
000000000710926614530520081022003103296700000003302010020000000000291440000000000252311000000100000000000000000000000000155400000000000000000000000000000310520080089002330000087000000010002087000000
000000000810926614530520081022998103296700000003302010020000000000291440000000000252311000000100000000000000000000000000155400000000000000000000000000000310520080089002330000087000000010002087000000
000000000910926614530520083010003103296700000003302010030000000000149430000000000129471000000100000000000000000000000000155400000000000000000000000000000010520080089002330000086650000010002086650000
000000001010926614530520083020003103296700000003302010030000000000282960000000000245181000000100000000000000000000000000155400000000000000000000000000000310520080089002330000086650000010002086650000
000000001110926614530520084011998103296700000003302010030000000000523110000000000453281000000100000000000000000000000000155400000000000000000000000000000310520080089002330000086650000010002086650000
000000001210926614530520081011998103296700000003302010030000000000523110000000000453281000000100000000000000000000000000155400000000000000000000000000000310520080089002330000086650000010002086650000
000000001310926614530520084012998103296700000003302010030000000000389580000000000337571000000100000000000000000000000000155400000000000000000000000000000310520080089002330000086650000010002086650000
000000001410926614530520081012998103296700000003302010030000000000292900000000000253781000000100000000000000000000000000155400000000000000000000000000000310520080089002330000086650000010002086650000
000000001510926614530520081022003103296700000003302010030000000000096680000000000083791000000100000000000000000000000000155400000000000000000000000000000310520080089002330000086650000010002086650000
000000001610926614530520081022998103296700000003302010030000000000096680000000000083791000000100000000000000000000000000155400000000000000000000000000000310520080089002330000086650000010002086650000
000000001710926614530520083010003103296700000004101020010000000000032560000000000025811000000100000000000000000000000000155400000000000000000000000000000010520080089002330000079060000010002079060000
000000001810926614530520083020003103296700000004101020010000000000052360000000000041461000000100000000000000000000000000155400000000000000000000000000000310520080089002330000079060000010002079060000
000000001910926614530520084011998103296700000004101020010000000000052520000000000041511000000100000000000000000000000000155400000000000000000000000000000310520080089002330000079060000010002079060000
000000002010926614530520081011998103296700000004101020010000000000052520000000000041511000000100000000000000000000000000155400000000000000000000000000000310520080089002330000079060000010002079060000
000000002110926614530520084012998103296700000004101020010000000000032720000000000025861000000100000000000000000000000000155400000000000000000000000000000310520080089002330000079060000010002079060000
000000002210926614530520081012998103296700000004101020010000000000032720000000000025861000000100000000000000000000000000155400000000000000000000000000000310520080089002330000079060000010002079060000
000000002310926614530520081011999103296700000004101020010000000000002520000000000001981000000100000000000000000000000000155400000000000000000000000000000310520080089002330000079060000010002079060000
000000002410926614530520083010003103296700000003301010010000000000155860000000000120671000000100000000000000000000000000155400000000000000000000000000000010520080089002330000078470000010002078470000
000000002510926614530520083020003103296700000003301010010000000000097980000000000075231000000100000000000000000000000000155400000000000000000000000000000310520080089002330000078470000010002078470000
000000002610926614530520084011998103296700000003301010010000000000000000000000000000001000000100000000000000000000000000155400000000000000000000000000000310520080089002330000078470000010002078470000
000000002710926614530520081011998103296700000003301010010000000000000000000000000000001000000100000000000000000000000000155400000000000000000000000000000310520080089002330000078470000010002078470000
000000002810926614530520084012998103296700000003301010010000000000057880000000000045441000000100000000000000000000000000155400000000000000000000000000000310520080089002330000078470000010002078470000
000000002910926614530520081012998103296700000003301010010000000000053440000000000041261000000100000000000000000000000000155400000000000000000000000000000310520080089002330000078470000010002078470000
000000003010926614530520081022003103296700000003301010010000000000004440000000000004181000000100000000000000000000000000155400000000000000000000000000000310520080089002330000078470000010002078470000
000000003110926614530520081022998103296700000003301010010000000000004440000000000004181000000100000000000000000000000000155400000000000000000000000000000310520080089002330000078470000010002078470000
000000003210926614530520083010003103296700000003302010080000000000022220000000000019281000000100000000000000000000000000155400000000000000000000000000000010520080089002330000086960000010002086960000
000000003310926614530520083020003103296700000003302010080000000000036560000000000031731000000100000000000000000000000000155400000000000000000000000000000310520080089002330000086960000010002086960000
000000003410926614530520084011998103296700000003302010080000000000080540000000000069881000000100000000000000000000000000155400000000000000000000000000000310520080089002330000086770000010002086770000
000000003510926614530520081011998103296700000003302010080000000000080540000000000069881000000100000000000000000000000000155400000000000000000000000000000310520080089002330000086770000010002086770000
000000003610926614530520084012998103296700000003302010080000000000066200000000000057431000000100000000000000000000000000155400000000000000000000000000000310520080089002330000086770000010002086770000
000000003710926614530520081012998103296700000003302010080000000000044000000000000038231000000100000000000000000000000000155400000000000000000000000000000310520080089002330000086770000010002086770000
000000003810926614530520081022003103296700000003302010080000000000022200000000000019201000000100000000000000000000000000155400000000000000000000000000000310520080089002330000086770000010002086770000
000000003910926614530520081022998103296700000003302010080000000000022200000000000019201000000100000000000000000000000000155400000000000000000000000000000310520080089002330000086770000010002086770000
000000004010926614530520083010003103296700000003301010050000000000224540000000000163031000000100000000000000000000000000155400000000000000000000000000000010520080089002330000072870000010002072870000
000000004110926614530520083020003103296700000003301010050000000000212460000000000154171000000100000000000000000000000000155400000000000000000000000000000310520080089002330000072870000010002072870000
000000004210926614530520084011998103296700000003301010050000000000232610000000000168781000000100000000000000000000000000155400000000000000000000000000000310520080089002330000072560000010002072560000
000000004310926614530520081011998103296700000003301010050000000000232610000000000168781000000100000000000000000000000000155400000000000000000000000000000310520080089002330000072560000010002072560000
000000004410926614530520084012998103296700000003301010050000000000244690000000000177641000000100000000000000000000000000155400000000000000000000000000000310520080089002330000072560000010002072560000
000000004510926614530520081012998103296700000003301010050000000000102780000000000074901000000100000000000000000000000000155400000000000000000000000000000310520080089002330000072560000010002072560000
000000004610926614530520081022003103296700000003301010050000000000141910000000000102741000000100000000000000000000000000155400000000000000000000000000000310520080089002330000072560000010002072560000
000000004710926614530520081022998103296700000003301010050000000000141910000000000102741000000100000000000000000000000000155400000000000000000000000000000310520080089002330000072560000010002072560000
000000004810926614530520083010003103296700000003301010020000000000021140000000000014921000000100000000000000000000000000155400000000000000000000000000000010520080089002330000070620000010002070620000
000000004910926614530520083020003103296700000003301010020000000000001280000000000000831000000100000000000000000000000000155400000000000000000000000000000310520080089002330000070620000010002070620000
000000005010926614530520084011998103296700000003301010020000000000000000000000000000001000000100000000000000000000000000155400000000000000000000000000000310520080089002330000070620000010002070620000
000000005110926614530520081011998103296700000003301010020000000000000000000000000000001000000100000000000000000000000000155400000000000000000000000000000310520080089002330000070620000010002070620000
000000005210926614530520084012998103296700000003301010020000000000019860000000000014091000000100000000000000000000000000155400000000000000000000000000000310520080089002330000070620000010002070620000
000000005310926614530520081012998103296700000003301010020000000000019080000000000013401000000100000000000000000000000000155400000000000000000000000000000310520080089002330000070620000010002070620000
000000005410926614530520081022003103296700000003301010020000000000000780000000000000691000000100000000000000000000000000155400000000000000000000000000000310520080089002330000070620000010002070620000
000000005510926614530520081022998103296700000003301010020000000000000780000000000000691000000100000000000000000000000000155400000000000000000000000000000310520080089002330000070620000010002070620000
000000005610926614530520081012002103296700000003302010020000000000002000000000000001741000000104010746000137000814620711155400000000000000000000009299604020520080089002330000086800000010002086800000
000000005710926614530520081012002103296700000003302010030000000000002000000000000001731000000104010746000137000814620711155400000000000000000000009299604020520080089002330000086650000010002086650000
000000005810926614530520081012002103296700000003301010050000000000002000000000000001461000000188611835000129000756629301155400000000000000000000009300904020520080089002330000072870000010002072870000
000000005910926614530520081012002103296700000003301010050000000000004000000000000002911000000104654447000488000756627104155400000000000000000000009301304020520080089002330000072870000010002072870000
000000006010926614530520081012002103296700000003302010020000000000010000000000000008671000000105295650000125000750246451155400000000000000000000009302004020520080089002330000086660000010002086660000
000000006110926614530520081012002103296700000000000000000000000000010000000000000008660000000005295650000125000750246451155400000000000000000000009302004020520080000000000000000000000000000000000000
000000006210926614530520081012002103296700000004101020010000000000002000000000000001581000000193126241000162000799420614155400000000000000000000009304004050520080089002330000079060000010002079060000
000000006310926614530520081012002103296700000003301010050000000000000540000000000000391000000104979039000153000818022293155400000000000000000000009304104050520080089002330000072870000010002072870000
000000006410926614530520081012002103296700000003301010020000000000002000000000000001411000000191952978000109000791822293155400000000000000000000009304304050520080089002330000070620000010002070620000
000000006510926614530520081012002103296700000003302010030000000000002000000000000001731000000192782705000126000799425993155400000000000000000000009304504050520080089002330000086650000010002086650000
000000006610926614530520081012002103296700000003301010010000000000000780000000000000561000000192603869000149000815347415155400000000000000000000009307104050520080089002330000071000000010002071000000
000000006710926614530520081012002103296700000004101020010000000000006000000000000004741000000188209176000280000773325110155400000000000000000000009308004050520080089002330000079060000010002079060000
000000006810926614530520081012002103296700000003302010030000000000010000000000000008661000000104654447000488000756627104155400000000000000000000009309004050520080089002330000086650000010002086650000
000000006910926614530520081012002103296700000003301010050000000000004000000000000002911000000193976306000169000818020291155400000000000000000000009309904060520080089002330000072870000010002072870000
000000007010926614530520081012002103296700000003301010020000000000000540000000000000351000000191652321000126000814628402155400000000000000000000009310204060520080089002330000064778000010002064777800
000000007110926614530520081012002103296700000003301010050000000000002000000000000001461000000188302591000100000753315211155400000000000000000000009311404060520080089002330000072870000010002072870000
000000007210926614530520081012002103296700000003301010050000000000002000000000000001461000000188611835000129000756629301155400000000000000000000009312504060520080089002330000072870000010002072870000
000000007310926614530520081012002103296700000003301010050000000000000180000000000000131000000192186527000170000773945307155400000000000000000000009312604060520080089002330000072867000010002072866700
000000007410926614530520081012002103296700000003302010020000000000010000000000000008681000000190233826000193000756615106155400000000000000000000009312804060520080089002330000086800000010002086800000
000000007510926614530520081012002103296700000003302010030000000000002000000000000001731000000175493577000181000843020711155400000000000000000000009313104060520080089002330000086650000010002086650000
000000007610926614530520081012002103296700000003301010010000000000004000000000000003161000000107612050000179000870099999155400000000000000000000009313204060520080089002330000078970000010002078970000
000000007710926614530520081012002103296700000003302010020000000000020000000000000017331000000105295650000125000750246451155400000000000000000000009314204060520080089002330000086660000010002086660000
000000007810926614530520081012002103296700000000000000000000000000010000000000000008660000000005295650000125000750246451155400000000000000000000009314204060520080000000000000000000000000000000000000
000000007910926614530520081012002103296700000003301010010000000000000180000000000000151000000192661453000268000799447415155400000000000000000000009310304060520080089002330000085278000010002085277800
000000008010926614530520081012002103296700000003301010010000000000000720000000000000611000000192661453000268000799447415155400000000000000000000009312004060520080089002330000085278000010002085277800
000000008110926614530520081012002103296700000003301010050000000000000180000000000000131000000190297383000102000774846729155400000000000000000000009314604070520080089002330000071000000010002071000000
000000008210926614530520081012002103296700000003301010010000000000000720000000000000511000000190297383000102000774846729155400000000000000000000009314604070520080089002330000071000000010002071000000
000000008310926614530520081012002103296700000003301010010000000000000180000000000000131000000103117773000140000799446729155400000000000000000000009314804070520080089002330000071000000010002071000000
000000008410926614530520081012002103296700000004101020010000000000000180000000000000141000000103117773000140000799446729155400000000000000000000009314804070520080089002330000079000000010002079000000
000000008510926614530520081012002103296700000003302010030000000000000900000000000000781000000106276626000101000750232990155400000000000000000000009314904070520080089002330000086650000010002086650000
000000008610926614530520081012002103296700000003302010030000000000004000000000000003471000000106914398000158000753320291155400000000000000000000009315304070520080089002330000086650000010002086650000
000000008710926614530520081012002103296700000003302010080000000000001000000000000000871000000102491687000130000756628232155400000000000000000000009315904070520080089002330000086960000010002086960000
000000008810926614530520081012002103296700000003302010020000000000001000000000000000871000000102491687000130000756628232155400000000000000000000009315904070520080089002330000086660000010002086660000
000000008910926614530520081012002103296700000003301010050000000000000900000000000000661000000104754028000175000850722293155400000000000000000000009316404070520080089002330000072867000010002072866700
000000009010926614530520081012002103296700000003301010050000000000001000000000000000731000000103705616000156000750225438155400000000000000000000009317304070520080089002330000072870000010002072870000
000000009110926614530520081012002103296700000003301010050000000000002000000000000001461000000188611835000129000756629301155400000000000000000000009319104070520080089002330000072870000010002072870000
000000009210926614530520081012002103296700000003301010010000000000010000000000000007891000000104010746000137000814620711155400000000000000000000009322204080520080089002330000078920000010002078920000
000000009310926614530520081012002103296700000003301010010000000000001000000000000000791000000191506550000132000751718211155400000000000000000000009322604080520080089002330000078920000010002078920000
000000009410926614530520081012002103296700000003301010020000000000002000000000000001411000000106914398000158000753320291155400000000000000000000009322704080520080089002330000070620000010002070620000
000000009510926614530520081012002103296700000003302010020000000000002000000000000001741000000106914398000158000753320291155400000000000000000000009322704080520080089002330000086800000010002086800000
000000009610926614530520081012002103296700000003302010020000000000100000000000000086641000000192779370000197000753320991155400000000000000000000009323304080520080089002330000086640000010002086640000
000000009710926614530520081012002103296700000003301010050000000000004000000000000002911000000193976306000169000818020291155400000000000000000000009323404080520080089002330000072870000010002072870000
000000009810926614530520081012002103296700000003302010030000000000002000000000000001731000000190292970000109000753325993155400000000000000000000009323704080520080089002330000086650000010002086650000
000000009910926614530520081012002103296700000003302010080000000000002000000000000001741000000103266406000109000857120991155400000000000000000000009324404080520080089002330000086960000010002086960000
000000010010926614530520081012002103296700000003302010030000000000008000000000000006931000000188363775000334000749728330155400000000000000000000009324904080520080089002330000086650000010002086650000
000000010110926614530520081012002103296700000004101020010000000000002000000000000001581000000103620220000106000840928291155400000000000000000000009325504080520080089002330000079060000010002079060000
000000010210926614530520081012002103296700000003302010020000000000002000000000000001741000000102491687000130000756628232155400000000000000000000009325804080520080089002330000086800000010002086800000
000000010310926614530520081012002103296700000003302010020000000000020000000000000017331000000105295650000125000750246451155400000000000000000000009326004080520080089002330000086660000010002086660000
000000010410926614530520081012002103296700000000000000000000000000010000000000000008660000000005295650000125000750246451155400000000000000000000009326004080520080000000000000000000000000000000000000
000000010510926614530520081012002103296700000003301010020000000000004000000000000002821000000107079525000103000814622293155400000000000000000000009326704090520080089002330000070620000010002070620000
000000010610926614530520081011001103296710362853302010020000000000160650000000000139191000000188948492000192000825820991155400000000000000000000043220504090520080089002330000086640000010002086640000
000000010710926614530520081012002103296700000003302010020000000000020000000000000017331000000197328090000186000751720291155400000000000000000000009326804090520080089002330000086640000010002086640000
000000010810926614530520081012002103296700000003301010050000000000000540000000000000391000000104979039000153000818022293155400000000000000000000009326904090520080089002330000072870000010002072870000
000000010910926614530520081012002103296700000003302010030000000000001000000000000000871000000100702802000143000810528330155400000000000000000000009328004090520080089002330000086660000010002086660000
000000011010926614530520081012002103296700000003302010030000000000008000000000000006931000000192015064000265000795324512155400000000000000000000009328104090520080089002330000086650000010002086650000
000000011110926614530520081012002103296700000003301010050000000000004000000000000002911000000104654447000488000756627104155400000000000000000000009328304090520080089002330000072870000010002072870000
000000011210926614530520081012002103296700000003301010010000000000001860000000000001321000000107840977000166000756647130155400000000000000000000009329004090520080089002330000071000000010002071000000
000000011310926614530520081012002103296700000003301010050000000000002000000000000001461000000188611835000129000756629301155400000000000000000000009329304090520080089002330000072870000010002072870000
000000011410926614530520081012002103296700000004101020010000000000004000000000000003161000000187546636000111000746627510155400000000000000000000009330304090520080089002330000079060000010002079060000
000000011510926614530520081012002103296700000003302010030000000000001000000000000000871000000192752468000150000774828330155400000000000000000000009330904120520080089002330000086660000010002086660000
000000011610926614530520081012002103296700000003301010010000000000001000000000000000791000000191777078000172000753346478155400000000000000000000009331304120520080089002330000078920000010002078920000
000000011710926614530520081012002103296700000003301010050000000000000900000000000000641000000103848614000116000799446729155400000000000000000000009331404120520080089002330000071000000010002071000000
000000011810926614530520081012002103296700000003301010050000000000004000000000000002911000000191704981000103000742125993155400000000000000000000009332804120520080089002330000072870000010002072870000
000000011910926614530520081012002103296700000003301010050000000000002000000000000001461000000102487863000160000766728232155400000000000000000000009333204120520080089002330000072870000010002072870000
000000012010926614530520081012002103296700000003302010020000000000002000000000000001741000000104010746000137000814620711155400000000000000000000009336804130520080089002330000086800000010002086800000
000000012110926614530520081011001103296700000004101020010000000000050000000000000039531000000100000000000000000000000000155400000000000000000000000765900130520080089002330000079060000010002079060000
000000012210926614530520081012002103296700000003302010030000000000002000000000000001731000000104010746000137000814620711155400000000000000000000009336804130520080089002330000086650000010002086650000
000000012310926614530520081012002103296700000003302010030000000000002000000000000001731000000193903755000187000814624512155400000000000000000000009337004130520080089002330000086650000010002086650000
000000012410926614530520081012002103296700000003302010030000000000010000000000000008661000000102588815000169000848825438155400000000000000000000009339204130520080089002330000086650000010002086650000
000000012510926614530520081012002103296700000003302010020000000000010000000000000008681000000190233826000193000756615106155400000000000000000000009339504130520080089002330000086800000010002086800000
000000012610926614530520081012002103296700000003302010030000000000002000000000000001731000000190292970000109000753325993155400000000000000000000009340604130520080089002330000086650000010002086650000
000000012710926614530520081012002103296700000003302010020000000000004000000000000003471000000103275793000140000791820991155400000000000000000000009341904140520080089002330000086800000010002086800000
000000012810926614530520081012002103296700000003302010020000000000030000000000000026041000000143683069000331000818120193155400000000000000000000009343004140520080089002330000086800000010002086800000
000000012910926614530520081012002103296700000003301010050000000000000540000000000000391000000104979039000153000818022293155400000000000000000000009343204140520080089002330000072870000010002072870000
000000013010926614530520081012002103296700000003301010020000000000000540000000000000351000000191652321000126000814628402155400000000000000000000009343304140520080089002330000064778000010002064777800
000000013110926614530520081012002103296700000003301010050000000000002000000000000001461000000188611835000129000756629301155400000000000000000000009343504140520080089002330000072870000010002072870000
000000013210926614530520081012002103296700000003301010050000000000000900000000000000661000000104754028000175000850722293155400000000000000000000009343904140520080089002330000072867000010002072866700
000000013310926614530520081012002103296700000003301010020000000000001000000000000000711000000102491687000130000756628232155400000000000000000000009344304140520080089002330000070620000010002070620000
000000013410926614530520081012002103296700000003301010010000000000000720000000000000611000000189278519000140000756631012155400000000000000000000009344404140520080089002330000085278000010002085277800
000000013510926614530520081012002103296700000003302010030000000000010000000000000008661000000104654447000488000756627104155400000000000000000000009344704140520080089002330000086650000010002086650000
000000013610926614530520081012002103296700000003302010080000000000002000000000000001741000000193360162000111000750220738155400000000000000000000009345904150520080089002330000086960000010002086960000
000000013710926614530520081011001103296710362853302010020000000000159360000000000138071000000188948492000192000825820991155400000000000000000000043260104150520080089002330000086640000010002086640000
000000013810926614530520081012002103296700000003301010020000000000002000000000000001411000000197328090000186000751720291155400000000000000000000009346004150520080089002330000070620000010002070620000
000000013910926614530520081011001103296710362853302010080000000000030210000000000026211000000188948492000192000825820991155400000000000000000000043260704150520080089002330000086770000010002086770000
000000014010926614530520081012002103296700000003302010020000000000030000000000000025991000000197328090000186000751720291155400000000000000000000009346004150520080089002330000086640000010002086640000
000000014110926614530520081011001103296710362853302010020000000000049740000000000043091000000188948492000192000825820991155400000000000000000000043260804150520080089002330000086640000010002086640000
000000014210926614530520081012002103296700000003301010010000000000001000000000000000791000000191777078000172000753346478155400000000000000000000009346804150520080089002330000078920000010002078920000
000000014310926614530520081011001103296710362853302010030000000000080230000000000069521000000188948492000192000825820991155400000000000000000000043261004150520080089002330000086650000010002086650000
000000014410926614530520081012002103296700000003301010010000000000001000000000000000791000000191506550000132000751718211155400000000000000000000009347404150520080089002330000078920000010002078920000
000000014510926614530520081012002103296700000003301010010000000000002000000000000001581000000191408138000180000812720614155400000000000000000000009348104150520080089002330000078970000010002078970000
000000014610926614530520081012002103296700000004101020010000000000002000000000000001581000000191408138000180000812720614155400000000000000000000009348104150520080089002330000079060000010002079060000
000000014710926614530520081012002103296700000003302010030000000000002000000000000001731000000175493577000181000843020711155400000000000000000000009348304150520080089002330000086650000010002086650000
000000014810926614530520081012002103296700000003302010030000000000020000000000000017331000000187288940000297000793828330155400000000000000000000009349004150520080089002330000086650000010002086650000
000000014910926614530520081012002103296700000003302010080000000000001000000000000000871000000102491687000130000756628232155400000000000000000000009349104150520080089002330000086960000010002086960000
000000015010926614530520081012002103296700000003301010020000000000001000000000000000711000000102491687000130000756628232155400000000000000000000009349104150520080089002330000070620000010002070620000
000000015110926614530520081012002103296700000003302010020000000000001000000000000000871000000102491687000130000756628232155400000000000000000000009349104150520080089002330000086660000010002086660000
000000015210926614530520081012002103296700000003301010050000000000002000000000000001461000000187296778000178000782315106155400000000000000000000009349204150520080089002330000072870000010002072870000
000000015310926614530520081012002103296700000003302010030000000000002000000000000001731000000187296778000178000782315106155400000000000000000000009349204150520080089002330000086650000010002086650000
000000015410926614530520081012002103296700000003302010020000000000020000000000000017331000000105295650000125000750246451155400000000000000000000009349604150520080089002330000086660000010002086660000
000000015510926614530520081012002103296700000003301010050000000000002000000000000001461000000188611835000129000756629301155400000000000000000000009349904150520080089002330000072870000010002072870000
000000015610926614530520081012002103296700000003302010020000000000010000000000000008671000000188052642000185000774820991155400000000000000000000009350104150520080089002330000086660000010002086660000
000000015710926614530520081012002103296700000003301010050000000000002000000000000001461000000193126241000162000799420614155400000000000000000000009352704160520080089002330000072870000010002072870000
000000015810926614530520081012002103296700000004101020010000000000002000000000000001581000000192782366000188000774825993155400000000000000000000009353804160520080089002330000079060000010002079060000
000000015910926614530520081012002103296700000003301010050000000000002000000000000001461000000190295338000100000828825993155400000000000000000000009354804160520080089002330000072870000010002072870000
000000016010926614530520081012002103296700000003302010030000000000002000000000000001731000000187546552000188000746631021155400000000000000000000009355504160520080089002330000086650000010002086650000
000000016110926614530520081012002103296700000003302010030000000000002000000000000001731000000192865674000177000756645200155400000000000000000000009356304160520080089002330000086650000010002086650000
000000016210926614530520081012002103296700000003301010010000000000001080000000000000771000000104087937000105000815347415155400000000000000000000009356404160520080089002330000071000000010002071000000
000000016310926614530520081012002103296700000003301010050000000000002000000000000001461000000188611835000129000756629301155400000000000000000000009356704160520080089002330000072870000010002072870000
000000016410926614530520081012002103296700000003302010080000000000002000000000000001741000000102491687000130000756628232155400000000000000000000009357004160520080089002330000086960000010002086960000
000000016510926614530520081012002103296700000003301010010000000000000360000000000000261000000192661453000268000799447415155400000000000000000000009351004160520080089002330000071000000010002071000000
000000016610926614530520081012002103296700000004101020010000000000000360000000000000301000000192661453000268000799447415155400000000000000000000009351004160520080089002330000083884000010002083884400
000000016710926614530520081012002103296700000003301010050000000000001680000000000001231000000192661453000268000799447415155400000000000000000000009351004160520080089002330000072870000010002072870000
000000016810926614530520081012002103296700000003301010010000000000000180000000000000151000000191213421000156000774818211155400000000000000000000009357604190520080089002330000085278000010002085277800
000000016910926614530520081012002103296700000003302010030000000000001000000000000000871000000192752468000150000774828330155400000000000000000000009358204190520080089002330000086660000010002086660000
000000017010926614530520081012002103296700000003301010050000000000000540000000000000391000000104979039000153000818022293155400000000000000000000009359304190520080089002330000072870000010002072870000
000000017110926614530520081012002103296700000003302010020000000000006000000000000005211000000190045865000167000791820991155400000000000000000000009360304190520080089002330000086800000010002086800000
000000017210926614530520081012002103296700000003302010030000000000006000000000000005201000000192544196000101000776728330155400000000000000000000009362004190520080089002330000086650000010002086650000
000000017310926614530520081012002103296700000003302010020000000000004000000000000003471000000102491687000130000756628232155400000000000000000000009362304190520080089002330000086800000010002086800000
000000017410926614530520081012002103296700000003302010030000000000001000000000000000871000000103072560000140000748225993155400000000000000000000009362704190520080089002330000086660000010002086660000
000000017510926614530520081012002103296700000003302010030000000000010000000000000008661000000104654447000488000756627104155400000000000000000000009362904190520080089002330000086650000010002086650000
000000017610926614530520081012002103296700000003302010020000000000010000000000000008681000000190233826000193000756615106155400000000000000000000009363304190520080089002330000086800000010002086800000
000000017710926614530520081012002103296700000003301010010000000000000900000000000000661000000100497327000110000766947415155400000000000000000000009363504190520080089002330000071000000010002071000000
000000017810926614530520081012002103296700000000000000000000000000010000000000000008660000000005295650000125000750246451155400000000000000000000009365204190520080000000000000000000000000000000000000
000000017910926614530520081012002103296700000003301010010000000000006000000000000004741000000192078450000115000756646842155400000000000000000000009366304200520080089002330000078970000010002078970000
000000018010926614530520081011001103296710362853302010020000000000030120000000000026101000000188948492000192000825820991155400000000000000000000043283204200520080089002330000086640000010002086640000
000000018110926614530520081012002103296700000004101020010000000000004000000000000003161000000192078450000115000756646842155400000000000000000000009366304200520080089002330000079060000010002079060000
000000018210926614530520081011001103296710362853302010030000000000080130000000000069431000000188948492000192000825820991155400000000000000000000043283404200520080089002330000086650000010002086650000
000000018310926614530520081012002103296700000003301010010000000000002000000000000001581000000104010746000137000814620711155400000000000000000000009366904200520080089002330000078970000010002078970000
000000018410926614530520081011001103296710362853301010050000000000050350000000000036531000000188948492000192000825820991155400000000000000000000043284104200520080089002330000072560000010002072560000
000000018510926614530520081012002103296700000003302010020000000000002000000000000001741000000104010746000137000814620711155400000000000000000000009366904200520080089002330000086800000010002086800000
000000018610926614530520081012002103296700000003301010010000000000000540000000000000461000000173425373000188000839118130155400000000000000000000009367904200520080089002330000085278000010002085277800
000000018710926614530520081012002103296700000003302010030000000000002000000000000001731000000175493577000181000843020711155400000000000000000000009368104200520080089002330000086650000010002086650000
000000018810926614530520081012002103296700000003301010050000000000000540000000000000391000000195791133000130000835777217155400000000000000000000009368304200520080089002330000072867000010002072866700
000000018910926614530520081012002103296700000003301010050000000000002000000000000001461000000107986147000141000000000000155400000000000000000000009368404200520080089002330000072870000010002072870000
000000019010926614530520081012002103296700000003301010010000000000000180000000000000131000000102463328000170000825047415155400000000000000000000009368804200520080089002330000071000000010002071000000
000000019110926614530520081012002103296700000003301010010000000000000600000000000000431000000107840977000166000756647130155400000000000000000000009369004200520080089002330000071000000010002071000000
000000019210926614530520081012002103296700000003301010050000000000002000000000000001461000000193785822000106000756629301155400000000000000000000009369404200520080089002330000072870000010002072870000
000000019310926614530520081012002103296700000003301010020000000000004000000000000002821000000104083190000109000756620711155400000000000000000000009369804200520080089002330000070620000010002070620000
000000019410926614530520081012002103296700000003301010050000000000010000000000000007291000000104835184000160000771947890155400000000000000000000009370004200520080089002330000072870000010002072870000
000000019510926614530520081012002103296700000003302010020000000000010000000000000008671000000105295650000125000750246451155400000000000000000000009371104200520080089002330000086660000010002086660000
000000019610926614530520081012002103296700000003302010020000000000010000000000000008671000000105295650000125000750246451155400000000000000000000009371204200520080089002330000086660000010002086660000
000000019710926614530520081012002103296700000003302010030000000000002000000000000001731000000192782705000126000799425993155400000000000000000000009372104210520080089002330000086650000010002086650000
000000019810926614530520081011001103296710362853302010020000000000159820000000000138471000000188948492000192000825820991155400000000000000000000043302504210520080089002330000086640000010002086640000
000000019910926614530520081012002103296700000003301010010000000000002000000000000001581000000194741436000185000788947415155400000000000000000000009372204210520080089002330000078970000010002078970000
000000020010926614530520081012002103296700000003302010020000000000110000000000000095301000000192779370000197000753320991155400000000000000000000009372804210520080089002330000086640000010002086640000
000000020110926614530520081012002103296700000003301010050000000000000540000000000000391000000187237731000133000799446729155400000000000000000000009373204210520080089002330000072870000010002072870000
000000020210926614530520081012002103296700000003301010020000000000002000000000000001411000000197328090000186000751720291155400000000000000000000009373304210520080089002330000070620000010002070620000
000000020310926614530520081012002103296700000003302010030000000000004000000000000003471000000101617223000165000791820738155400000000000000000000009373504210520080089002330000086650000010002086650000
000000020410926614530520081012002103296700000003301010050000000000002000000000000001461000000193976306000169000818020291155400000000000000000000009374304210520080089002330000072870000010002072870000
000000020510926614530520081012002103296700000003302010020000000000002000000000000001741000000193976306000169000818020291155400000000000000000000009374304210520080089002330000086800000010002086800000
000000020610926614530520081012002103296700000003302010030000000000002000000000000001731000000191495499000100000789328330155400000000000000000000009374704210520080089002330000086650000010002086650000
000000020710926614530520081012002103296700000003302010030000000000020000000000000017331000000187288940000297000793828330155400000000000000000000009374804210520080089002330000086650000010002086650000
000000020810926614530520081012002103296700000003302010030000000000002000000000000001731000000103809754000185000755420517155400000000000000000000009375304210520080089002330000086650000010002086650000
000000020910926614530520081012002103296700000003302010030000000000001000000000000000871000000100702802000143000810528330155400000000000000000000009375704210520080089002330000086660000010002086660000
000000021010926614530520081012002103296700000003302010080000000000002000000000000001741000000102491687000130000756628232155400000000000000000000009376404210520080089002330000086960000010002086960000
000000021110926614530520081012002103296700000003301010050000000000002000000000000001461000000107986147000141000000000000155400000000000000000000009377004210520080089002330000072870000010002072870000
000000021210926614530520081012002103296700000004101020010000000000002000000000000001581000000106914398000158000753320291155400000000000000000000009377404230520080089002330000079060000010002079060000
000000021310926614530520081012002103296700000003301010010000000000004000000000000003161000000104010746000137000814620711155400000000000000000000009379104230520080089002330000078970000010002078970000
000000021410926614530520081012002103296700000003302010030000000000002000000000000001731000000106914398000158000753320291155400000000000000000000009379304230520080089002330000086650000010002086650000
000000021510926614530520081012002103296700000003302010030000000000002000000000000001731000000190292970000109000753325993155400000000000000000000009379704230520080089002330000086650000010002086650000
000000021610926614530520081012002103296700000003301010050000000000000540000000000000391000000104979039000153000818022293155400000000000000000000009380004230520080089002330000072870000010002072870000
000000021710926614530520081012002103296700000003301010050000000000002000000000000001461000000188302591000100000753315211155400000000000000000000009382804260520080089002330000072870000010002072870000
000000021810926614530520081012002103296700000003301010050000000000000540000000000000391000000104979039000153000818022293155400000000000000000000009384004260520080089002330000072870000010002072870000
000000021910926614530520081012002103296700000003301010050000000000002000000000000001461000000188611835000129000756629301155400000000000000000000009385204260520080089002330000072870000010002072870000
000000022010926614530520081012002103296700000003301010050000000000002000000000000001461000000103483185000120000852128330155400000000000000000000009386304260520080089002330000072870000010002072870000
000000022110926614530520081012002103296700000003301010010000000000002000000000000001581000000104010746000137000814620711155400000000000000000000009388504270520080089002330000078970000010002078970000
000000022210926614530520081011001103296710362853302010030000000000080930000000000070131000000188948492000192000825820991155400000000000000000000043327004270520080089002330000086650000010002086650000
000000022310926614530520081012002103296700000003301010050000000000002000000000000001461000000105995316000184000774247415155400000000000000000000009389004270520080089002330000072870000010002072870000
000000022410926614530520081011001103296710362853302010020000000000080310000000000069581000000188948492000192000825820991155400000000000000000000043327404270520080089002330000086640000010002086640000
000000022510926614530520081012002103296700000003301010050000000000002000000000000001461000000188611835000129000756629301155400000000000000000000009390004270520080089002330000072870000010002072870000
000000022610926614530520081012002103296700000003302010030000000000002000000000000001731000000192865674000177000756645200155400000000000000000000009391004270520080089002330000086650000010002086650000
000000022710926614530520081012002103296700000004101020010000000000006000000000000004741000000188209176000280000773325110155400000000000000000000009391504270520080089002330000079060000010002079060000
000000022810926614530520081012002103296700000004101020010000000000000180000000000000141000000192263003000136000782347415155400000000000000000000009391604270520080089002330000079000000010002079000000
000000022910926614530520081012002103296700000003302010030000000000010000000000000008661000000188363775000334000749728330155400000000000000000000009392504270520080089002330000086650000010002086650000
000000023010926614530520081012002103296700000003302010080000000000002000000000000001741000000102491687000130000756628232155400000000000000000000009392704270520080089002330000086960000010002086960000
000000023110926614530520081012002103296700000003302010020000000000002000000000000001741000000102491687000130000756628232155400000000000000000000009392704270520080089002330000086800000010002086800000
000000023210926614530520081012002103296700000003302010080000000000030000000000000026051000000193183267000142000756620738155400000000000000000000009393504280520080089002330000086770000010002086770000
000000023310926614530520081011001103296710362853302010080000000000050330000000000043671000000188948492000192000825820991155400000000000000000000043333904280520080089002330000086770000010002086770000
000000023410926614530520081012002103296700000003302010030000000000050000000000000043321000000193183267000142000756620738155400000000000000000000009393504280520080089002330000086650000010002086650000
000000023510926614530520081011001103296710362853302010030000000000080240000000000069531000000188948492000192000825820991155400000000000000000000043334104280520080089002330000086650000010002086650000
000000023610926614530520081012002103296700000003301010050000000000002000000000000001461000000103705616000156000750225438155400000000000000000000009394104280520080089002330000072870000010002072870000
000000023710926614530520081011001103296710362853301010050000000000030170000000000021891000000188948492000192000825820991155400000000000000000000043334304280520080089002330000072560000010002072560000
000000023810926614530520081012002103296700000003302010030000000000004000000000000003471000000191495499000100000789328330155400000000000000000000009394504280520080089002330000086650000010002086650000
000000023910926614530520081012002103296700000003301010010000000000001000000000000000791000000191506550000132000751718211155400000000000000000000009394704280520080089002330000078920000010002078920000
000000024010926614530520081012002103296700000003301010050000000000002000000000000001461000000188611835000129000756629301155400000000000000000000009395404280520080089002330000072870000010002072870000
000000024110926614530520081012002103296700000003301010010000000000000720000000000000511000000195243382000190000815147415155400000000000000000000009395604280520080089002330000071000000010002071000000
000000024210926614530520081012002103296700000003302010030000000000002000000000000001731000000107931883000100000746617338155400000000000000000000009395804280520080089002330000086650000010002086650000
000000024310926614530520081012002103296700000003302010020000000000010000000000000008681000000190233826000193000756615106155400000000000000000000009395904280520080089002330000086800000010002086800000
000000024410926614530520081012002103296700000003302010020000000000020000000000000017331000000105295650000125000750246451155400000000000000000000009396004280520080089002330000086660000010002086660000
000000024510926614530520081012002103296700000000000000000000000000010000000000000008660000000005295650000125000750246451155400000000000000000000009396004280520080000000000000000000000000000000000000
000000024610926614530520081012002103296700000003302010080000000000002000000000000001741000000102491687000130000756628232155400000000000000000000009397204280520080089002330000086960000010002086960000
000000024710926614530520081012002103296700000003302010020000000000002000000000000001741000000102491687000130000756628232155400000000000000000000009397204280520080089002330000086800000010002086800000
000000024810926614530520081012002103296700000003302010020000000000160000000000000138621000000192779370000197000753320991155400000000000000000000009397504280520080089002330000086640000010002086640000
000000024910926614530520081012002103296700000003301010010000000000003600000000000002561000000190378985000267000795347415155400000000000000000000009397604280520080089002330000071000000010002071000000
000000025010926614530520081012002103296700000003302010030000000000001000000000000000871000000192752468000150000774828330155400000000000000000000009397804290520080089002330000086660000010002086660000
000000025110926614530520081011001103296710362853302010020000000000160610000000000139151000000188948492000192000825820991155400000000000000000000043343804290520080089002330000086640000010002086640000
000000025210926614530520081012002103296700000003301010050000000000000540000000000000391000000104979039000153000818022293155400000000000000000000009398104290520080089002330000072870000010002072870000
000000025310926614530520081012002103296700000003301010050000000000002000000000000001461000000188611835000129000756629301155400000000000000000000009399704290520080089002330000072870000010002072870000
000000025410926614530520081012002103296700000003301010050000000000006000000000000004371000000192389360000145000829022196155400000000000000000000009400004290520080089002330000072870000010002072870000
000000025510926614530520081012002103296700000003301010010000000000001920000000000001361000000107079423000198000000000000155400000000000000000000009400104290520080089002330000071000000010002071000000
000000025610926614530520081012002103296700000003301010050000000000004000000000000002911000000187296778000178000782315106155400000000000000000000009401004290520080089002330000072870000010002072870000
000000025710926614530520081012002103296700000003302010030000000000004000000000000003471000000187296778000178000782315106155400000000000000000000009401004290520080089002330000086650000010002086650000
000000025810926614530520081012002103296700000003301010010000000000001200000000000000851000000192661453000268000799447415155400000000000000000000009399404290520080089002330000071000000010002071000000
000000025910926614530520081012002103296700000003301010050000000000000180000000000000131000000192697093000173000799449213155400000000000000000000009402304300520080089002330000072870000010002072870000
000000026010926614530520081011001103296710362853302010020000000000161650000000000140641000000188948492000192000825820991155400000000000000000000043352904300520080089002330000087000000010002087000000
000000026110926614530520081012002103296700000003302010020000000000040000000000000034661000000102985893000105000000000000155400000000000000000000009403104300520080089002330000086640000010002086640000
000000026210926614530520081011001103296710362853301010050000000000152090000000000110361000000188948492000192000825820991155400000000000000000000043368404300520080089002330000072560000010002072560000
000000026310926614530520081012002103296700000003302010030000000000010000000000000008661000000187288940000297000793828330155400000000000000000000009404404300520080089002330000086650000010002086650000
000000026410926614530520081011001103296710362853302010030000000000201580000000000174671000000188948492000192000825820991155400000000000000000000043369304300520080089002330000086650000010002086650000
000000026510926614530520081012002103296700000003301010050000000000002000000000000001461000000188611835000129000756629301155400000000000000000000009405004300520080089002330000072870000010002072870000
000000026610926614530520081012002103296700000003301010050000000000002000000000000001461000000102487863000160000766728232155400000000000000000000009405404300520080089002330000072870000010002072870000
000000026710926614530520081012002103296700000003302010030000000000010000000000000008661000000104654447000488000756627104155400000000000000000000009405804300520080089002330000086650000010002086650000
000000026810926614530520081012002103296700000004101020010000000000002000000000000001581000000194385952000114000000000000155400000000000000000000009406004300520080089002330000079060000010002079060000
