000000000010926614530420080000351
000000000110926614530420083010003103296700000003302010020000000000286190000000000234361000000100000000000000000000000000155400000000000000000000000000000010420080089002330000110000000010002110000000
000000000210926614530420083020003103296700000003302010020000000000229420000000000185601000000100000000000000000000000000155400000000000000000000000000000300420080089002330000110000000010002110000000
000000000310926614530420084011998103296700000003302010020000000000841740000000000729271000000100000000000000000000000000155400000000000000000000000000000300420080089002330000086640000010002086640000
000000000410926614530420081011998103296700000003302010020000000000841740000000000729271000000100000000000000000000000000155400000000000000000000000000000300420080089002330000086640000010002086640000
000000000510926614530420084012998103296700000003302010020000000000898510000000000778031000000100000000000000000000000000155400000000000000000000000000000300420080089002330000086640000010002086640000
000000000610926614530420081012998103296700000003302010020000000000515180000000000446691000000100000000000000000000000000155400000000000000000000000000000300420080089002330000086640000010002086640000
000000000710926614530420081022003103296700000003302010020000000000383330000000000331341000000100000000000000000000000000155400000000000000000000000000000300420080089002330000086640000010002086640000
000000000810926614530420081022998103296700000003302010020000000000383330000000000331341000000100000000000000000000000000155400000000000000000000000000000300420080089002330000086640000010002086640000
000000000910926614530420083010003103296700000003302010030000000000165940000000000143781000000100000000000000000000000000155400000000000000000000000000000010420080089002330000086650000010002086650000
000000001010926614530420083020003103296700000003302010030000000000149430000000000129471000000100000000000000000000000000155400000000000000000000000000000300420080089002330000086650000010002086650000
000000001110926614530420084011998103296700000003302010030000000000452860000000000392391000000100000000000000000000000000155400000000000000000000000000000300420080089002330000086650000010002086650000
000000001210926614530420081011998103296700000003302010030000000000452860000000000392391000000100000000000000000000000000155400000000000000000000000000000300420080089002330000086650000010002086650000
000000001310926614530420084012998103296700000003302010030000000000469370000000000406701000000100000000000000000000000000155400000000000000000000000000000300420080089002330000086650000010002086650000
000000001410926614530420081012998103296700000003302010030000000000397300000000000344291000000100000000000000000000000000155400000000000000000000000000000300420080089002330000086650000010002086650000
000000001510926614530420081022003103296700000003302010030000000000072070000000000062411000000100000000000000000000000000155400000000000000000000000000000300420080089002330000086650000010002086650000
000000001610926614530420081022998103296700000003302010030000000000072070000000000062411000000100000000000000000000000000155400000000000000000000000000000300420080089002330000086650000010002086650000
000000001710926614530420083010003103296700000004101020010000000000054010000000000042711000000100000000000000000000000000155400000000000000000000000000000010420080089002330000079060000010002079060000
000000001810926614530420083020003103296700000004101020010000000000032560000000000025811000000100000000000000000000000000155400000000000000000000000000000300420080089002330000079060000010002079060000
000000001910926614530420084011998103296700000004101020010000000000000000000000000000001000000100000000000000000000000000155400000000000000000000000000000300420080089002330000079060000010002079060000
000000002010926614530420081011998103296700000004101020010000000000000000000000000000001000000100000000000000000000000000155400000000000000000000000000000300420080089002330000079060000010002079060000
000000002110926614530420084012998103296700000004101020010000000000021450000000000016901000000100000000000000000000000000155400000000000000000000000000000300420080089002330000079060000010002079060000
000000002210926614530420081012998103296700000004101020010000000000019480000000000015491000000100000000000000000000000000155400000000000000000000000000000300420080089002330000079060000010002079060000
000000002310926614530420081022003103296700000004101020010000000000001970000000000001411000000100000000000000000000000000155400000000000000000000000000000300420080089002330000079060000010002079060000
000000002410926614530420081022998103296700000004101020010000000000001970000000000001411000000100000000000000000000000000155400000000000000000000000000000300420080089002330000079060000010002079060000
000000002510926614530420083010003103296700000003301010010000000000074660000000000058281000000100000000000000000000000000155400000000000000000000000000000010420080089002330000078470000010002078470000
000000002610926614530420083020003103296700000003301010010000000000155860000000000120671000000100000000000000000000000000155400000000000000000000000000000300420080089002330000078470000010002078470000
000000002710926614530420084011998103296700000003301010010000000000250000000000000196171000000100000000000000000000000000155400000000000000000000000000000300420080089002330000078470000010002078470000
000000002810926614530420081011998103296700000003301010010000000000250000000000000196171000000100000000000000000000000000155400000000000000000000000000000300420080089002330000078470000010002078470000
000000002910926614530420084012998103296700000003301010010000000000168800000000000133781000000100000000000000000000000000155400000000000000000000000000000300420080089002330000078470000010002078470000
000000003010926614530420081012998103296700000003301010010000000000168540000000000131041000000100000000000000000000000000155400000000000000000000000000000300420080089002330000078470000010002078470000
000000003110926614530420081022003103296700000003301010010000000000000260000000000002741000000100000000000000000000000000155400000000000000000000000000000300420080089002330000078470000010002078470000
000000003210926614530420081022998103296700000003301010010000000000000260000000000002741000000100000000000000000000000000155400000000000000000000000000000300420080089002330000078470000010002078470000
000000003310926614530420083010003103296700000003302010080000000000028580000000000024801000000100000000000000000000000000155400000000000000000000000000000010420080089002330000086960000010002086960000
000000003410926614530420083020003103296700000003302010080000000000022220000000000019281000000100000000000000000000000000155400000000000000000000000000000300420080089002330000086960000010002086960000
000000003510926614530420084011998103296700000003302010080000000000049540000000000042981000000100000000000000000000000000155400000000000000000000000000000300420080089002330000086770000010002086770000
000000003610926614530420081011998103296700000003302010080000000000049540000000000042981000000100000000000000000000000000155400000000000000000000000000000300420080089002330000086770000010002086770000
000000003710926614530420084012998103296700000003302010080000000000055900000000000048501000000100000000000000000000000000155400000000000000000000000000000300420080089002330000086770000010002086770000
000000003810926614530420081012998103296700000003302010080000000000035000000000000030381000000100000000000000000000000000155400000000000000000000000000000300420080089002330000086770000010002086770000
000000003910926614530420081022003103296700000003302010080000000000020900000000000018121000000100000000000000000000000000155400000000000000000000000000000300420080089002330000086770000010002086770000
000000004010926614530420081022998103296700000003302010080000000000020900000000000018121000000100000000000000000000000000155400000000000000000000000000000300420080089002330000086770000010002086770000
000000004110926614530420083010003103296700000003301010050000000000187260000000000135971000000100000000000000000000000000155400000000000000000000000000000010420080089002330000072870000010002072870000
000000004210926614530420083020003103296700000003301010050000000000224540000000000163031000000100000000000000000000000000155400000000000000000000000000000300420080089002330000072870000010002072870000
000000004310926614530420084011998103296700000003301010050000000000276230000000000200441000000100000000000000000000000000155400000000000000000000000000000300420080089002330000072560000010002072560000
000000004410926614530420081011998103296700000003301010050000000000276230000000000200441000000100000000000000000000000000155400000000000000000000000000000300420080089002330000072560000010002072560000
000000004510926614530420084012998103296700000003301010050000000000238950000000000173381000000100000000000000000000000000155400000000000000000000000000000300420080089002330000072560000010002072560000
000000004610926614530420081012998103296700000003301010050000000000114500000000000083471000000100000000000000000000000000155400000000000000000000000000000300420080089002330000072560000010002072560000
000000004710926614530420081022003103296700000003301010050000000000124450000000000089911000000100000000000000000000000000155400000000000000000000000000000300420080089002330000072560000010002072560000
000000004810926614530420081022998103296700000003301010050000000000124450000000000089911000000100000000000000000000000000155400000000000000000000000000000300420080089002330000072560000010002072560000
000000004910926614530420083010003103296700000003301010020000000000022580000000000015881000000100000000000000000000000000155400000000000000000000000000000010420080089002330000070620000010002070620000
000000005010926614530420083020003103296700000003301010020000000000021140000000000014921000000100000000000000000000000000155400000000000000000000000000000300420080089002330000070620000010002070620000
000000005110926614530420084011998103296700000003301010020000000000030000000000000021121000000100000000000000000000000000155400000000000000000000000000000300420080089002330000070620000010002070620000
000000005210926614530420081011998103296700000003301010020000000000030000000000000021121000000100000000000000000000000000155400000000000000000000000000000300420080089002330000070620000010002070620000
000000005310926614530420084012998103296700000003301010020000000000031440000000000022081000000100000000000000000000000000155400000000000000000000000000000300420080089002330000070620000010002070620000
000000005410926614530420081012998103296700000003301010020000000000031440000000000022081000000100000000000000000000000000155400000000000000000000000000000300420080089002330000070620000010002070620000
000000005510926614530420081011999103296700000003301010020000000000000130000000000000031000000100000000000000000000000000155400000000000000000000000000000300420080089002330000070620000010002070620000
000000005610926614530420081012002103296700000003301010050000000000002000000000000001461000000106914398000158000753320291155400000000000000000000009171504010420080089002330000072870000010002072870000
000000005710926614530420081012002103296700000003302010020000000000004000000000000003471000000190045865000167000791820991155400000000000000000000009172304010420080089002330000086800000010002086800000
000000005810926614530420081012002103296700000003301010010000000000001000000000000000791000000191506550000132000751718211155400000000000000000000009173204010420080089002330000078920000010002078920000
000000005910926614530420081012002103296700000003302010030000000000010000000000000008661000000188363775000334000749728330155400000000000000000000009174304010420080089002330000086650000010002086650000
000000006010926614530420081012002103296700000003301010050000000000004000000000000002911000000100215380000181000829022196155400000000000000000000009174604010420080089002330000072870000010002072870000
000000006110926614530420081012002103296700000003302010030000000000002000000000000001731000000103809754000185000755420517155400000000000000000000009175104010420080089002330000086650000010002086650000
000000006210926614530420081012002103296700000003301010010000000000001080000000000000771000000102232002000131000852147415155400000000000000000000009175504010420080089002330000071000000010002071000000
000000006310926614530420081012002103296700000003301010050000000000000900000000000000661000000104754028000175000850722293155400000000000000000000009175604010420080089002330000072867000010002072866700
000000006410926614530420081012002103296700000003301010050000000000002000000000000001461000000193785822000106000756629301155400000000000000000000009175804010420080089002330000072870000010002072870000
000000006510926614530420081012002103296700000003302010020000000000030000000000000026001000000105295650000125000750246451155400000000000000000000009177504020420080089002330000086660000010002086660000
000000006610926614530420081012002103296700000000000000000000000000010000000000000008660000000005295650000125000750246451155400000000000000000000009177504020420080000000000000000000000000000000000000
000000006710926614530420081012002103296700000003301010050000000000000720000000000000521000000104979039000153000818022293155400000000000000000000009178104020420080089002330000072870000010002072870000
000000006810926614530420081012002103296700000003302010030000000000001000000000000000871000000192752468000150000774828330155400000000000000000000009179004020420080089002330000086660000010002086660000
000000006910926614530420081012002103296700000003302010030000000000002000000000000001731000000190292970000109000753325993155400000000000000000000009179304020420080089002330000086650000010002086650000
000000007010926614530420081012002103296700000003301010010000000000010000000000000007891000000192726785000100000774431012155400000000000000000000009179604020420080089002330000078920000010002078920000
000000007110926614530420081012002103296700000003301010050000000000002000000000000001461000000188611835000129000756629301155400000000000000000000009181404020420080089002330000072870000010002072870000
000000007210926614530420081012002103296700000003302010020000000000010000000000000008681000000190233826000193000756615106155400000000000000000000009181504020420080089002330000086800000010002086800000
000000007310926614530420081012002103296700000003301010050000000000001080000000000000771000000197441240000163000000000000155400000000000000000000009182304030420080089002330000071000000010002071000000
000000007410926614530420081012002103296700000003301010010000000000040000000000000031391000000105758630000143000848320711155400000000000000000000009182904030420080089002330000078470000010002078470000
000000007510926614530420081012002103296700000003302010020000000000050000000000000043321000000105758630000143000848320711155400000000000000000000009182904030420080089002330000086640000010002086640000
000000007610926614530420081012002103296700000003302010020000000000004000000000000003471000000104010746000137000814620711155400000000000000000000009183504030420080089002330000086800000010002086800000
000000007710926614530420081012002103296700000003301010020000000000002000000000000001411000000103275793000140000791820991155400000000000000000000009183804030420080089002330000070620000010002070620000
000000007810926614530420081012002103296700000003302010020000000000002000000000000001741000000103275793000140000791820991155400000000000000000000009183804030420080089002330000086800000010002086800000
000000007910926614530420081012002103296700000003302010030000000000002000000000000001731000000103275793000140000791820991155400000000000000000000009183804030420080089002330000086650000010002086650000
000000008010926614530420081012002103296700000003301010020000000000000900000000000000581000000191652321000126000814628402155400000000000000000000009183904030420080089002330000064778000010002064777800
000000008110926614530420081012002103296700000004101020010000000000001800000000000001511000000100928173000174000804147890155400000000000000000000009184904030420080089002330000083884000010002083884400
000000008210926614530420081012002103296700000003301010010000000000001000000000000000791000000191777078000172000753346478155400000000000000000000009185104030420080089002330000078920000010002078920000
000000008310926614530420081012002103296700000004101020010000000000000300000000000000241000000101189689000107000799458298155400000000000000000000009187004030420080089002330000079067000010002079066700
000000008410926614530420081012002103296700000003301010050000000000002000000000000001461000000188611835000129000756629301155400000000000000000000009187404030420080089002330000072870000010002072870000
000000008510926614530420081012002103296700000003302010030000000000010000000000000008661000000104654447000488000756627104155400000000000000000000009187704030420080089002330000086650000010002086650000
000000008610926614530420081012002103296700000003302010030000000000002000000000000001731000000105295650000125000750246451155400000000000000000000009189804030420080089002330000086650000010002086650000
000000008710926614530420081012002103296700000003301010010000000000000900000000000000771000000192661453000268000799447415155400000000000000000000009186704030420080089002330000085278000010002085277800
000000008810926614530420081012002103296700000003302010030000000000001500000000000001301000000192661453000268000799447415155400000000000000000000009186704030420080089002330000086650000010002086650000
000000008910926614530420081012002103296700000003301010010000000000001200000000000000851000000192661453000268000799447415155400000000000000000000009186804030420080089002330000071000000010002071000000
000000009010926614530420081012002103296700000003301010050000000000000900000000000000661000000196735162000147000814622196155400000000000000000000009190404040420080089002330000072870000010002072870000
000000009110926614530420081011001103296710362853302010020000000000160010000000000138631000000188948492000192000825820991155400000000000000000000042992904040420080089002330000086640000010002086640000
000000009210926614530420081012002103296700000003301010050000000000004000000000000002911000000193976306000169000818020291155400000000000000000000009190804040420080089002330000072870000010002072870000
000000009310926614530420081011001103296710331823301010010000000000100000000000000078471000000134274233006801000753320991155400000000000000000000001704705040420080089002330000078470000010002078470000
000000009410926614530420081012002103296700000003301010020000000000002000000000000001411000000107125607000147000791822293155400000000000000000000009191404040420080089002330000070620000010002070620000
000000009510926614530420081012002103296700000003302010030000000000004000000000000003471000000197275952000150000741628330155400000000000000000000009193304040420080089002330000086650000010002086650000
000000009610926614530420081012002103296700000003302010030000000000002000000000000001731000000191495499000100000789328330155400000000000000000000009194204040420080089002330000086650000010002086650000
000000009710926614530420081012002103296700000003302010020000000000002000000000000001741000000102491687000130000756628232155400000000000000000000009194504040420080089002330000086800000010002086800000
000000009810926614530420081012002103296700000003302010020000000000004000000000000003471000000105295650000125000750246451155400000000000000000000009195004040420080089002330000086800000010002086800000
000000009910926614530420081012002103296700000003302010030000000000002000000000000001731000000105295650000125000750246451155400000000000000000000009195004040420080089002330000086650000010002086650000
000000010010926614530420081012002103296700000003302010030000000000002000000000000001731000000187546552000188000746631021155400000000000000000000009196204040420080089002330000086650000010002086650000
000000010110926614530420081012002103296700000003301010010000000000002000000000000001581000000104010746000137000814620711155400000000000000000000009197904070420080089002330000078970000010002078970000
000000010210926614530420081012002103296700000003302010020000000000002000000000000001741000000104010746000137000814620711155400000000000000000000009197904070420080089002330000086800000010002086800000
000000010310926614530420081012002103296700000003301010010000000000001000000000000000791000000191506550000132000751718211155400000000000000000000009198404070420080089002330000078920000010002078920000
000000010410926614530420081012002103296700000003301010050000000000000540000000000000391000000104979039000153000818022293155400000000000000000000009198704070420080089002330000072870000010002072870000
000000010510926614530420081012002103296700000003301010050000000000001000000000000000731000000103705616000156000750225438155400000000000000000000009199204070420080089002330000072870000010002072870000
000000010610926614530420081012002103296700000003302010030000000000010000000000000008661000000197328090000186000751720291155400000000000000000000009199304070420080089002330000086650000010002086650000
000000010710926614530420081012002103296700000003301010050000000000002000000000000001461000000188611835000129000756629301155400000000000000000000009200004070420080089002330000072870000010002072870000
000000010810926614530420081012002103296700000003301010050000000000002000000000000001461000000102487863000160000766728232155400000000000000000000009200104070420080089002330000072870000010002072870000
000000010910926614530420081012002103296700000003302010030000000000002000000000000001731000000192865674000177000756645200155400000000000000000000009201704070420080089002330000086650000010002086650000
000000011010926614530420081012002103296700000003301010050000000000002000000000000001461000000188302591000100000753315211155400000000000000000000009202804080420080089002330000072870000010002072870000
000000011110926614530420081012002103296700000003301010010000000000000540000000000000381000000195268652000118000774845307155400000000000000000000009202904080420080089002330000071000000010002071000000
000000011210926614530420081012002103296700000003301010050000000000002000000000000001461000000105995316000184000774247415155400000000000000000000009203304080420080089002330000072870000010002072870000
000000011310926614530420081012002103296700000003302010030000000000001000000000000000871000000192752468000150000774828330155400000000000000000000009203404080420080089002330000086660000010002086660000
000000011410926614530420081012002103296700000003302010030000000000008000000000000006931000000192748904000118000774824512155400000000000000000000009203604080420080089002330000086650000010002086650000
000000011510926614530420081012002103296700000003302010030000000000001000000000000000871000000100702802000143000810528330155400000000000000000000009204204080420080089002330000086660000010002086660000
000000011610926614530420081012002103296700000003302010080000000000001000000000000000871000000102491687000130000756628232155400000000000000000000009204404080420080089002330000086960000010002086960000
000000011710926614530420081012002103296700000003302010020000000000001000000000000000871000000102491687000130000756628232155400000000000000000000009204404080420080089002330000086660000010002086660000
000000011810926614530420081012002103296700000003302010030000000000010000000000000008661000000102588815000169000848825438155400000000000000000000009204604080420080089002330000086650000010002086650000
000000011910926614530420081012002103296700000003301010050000000000000900000000000000661000000104754028000175000850722293155400000000000000000000009204704080420080089002330000072867000010002072866700
000000012010926614530420081012002103296700000003301010010000000000004000000000000003161000000107612050000179000870099999155400000000000000000000009204904080420080089002330000078970000010002078970000
000000012110926614530420081012002103296700000003301010010000000000002000000000000001581000000107612050000179000870099999155400000000000000000000009205004080420080089002330000078970000010002078970000
000000012210926614530420081012002103296700000003302010030000000000002000000000000001731000000190292970000109000753325993155400000000000000000000009206204080420080089002330000086650000010002086650000
000000012310926614530420081012002103296700000003302010020000000000040000000000000034661000000143683069000331000818120193155400000000000000000000009206804090420080089002330000086640000010002086640000
000000012410926614530420081012002103296700000003301010050000000000002000000000000001461000000193126241000162000799420614155400000000000000000000009207804090420080089002330000072870000010002072870000
000000012510926614530420081012002103296700000003302010030000000000006000000000000005201000000192544196000101000776728330155400000000000000000000009209404090420080089002330000086650000010002086650000
000000012610926614530420081012002103296700000003302010030000000000020000000000000017331000000187288940000297000793828330155400000000000000000000009209504090420080089002330000086650000010002086650000
000000012710926614530420081012002103296700000003301010010000000000001320000000000000941000000195243382000190000815147415155400000000000000000000009209704090420080089002330000071000000010002071000000
000000012810926614530420081012002103296700000003301010010000000000001620000000000001151000000107079423000198000000000000155400000000000000000000009209904090420080089002330000071000000010002071000000
000000012910926614530420081012002103296700000003301010010000000000004260000000000003021000000194136686000196000756647415155400000000000000000000009210504090420080089002330000071000000010002071000000
000000013010926614530420081012002103296700000003301010010000000000001380000000000000981000000107840977000166000756647130155400000000000000000000009210604090420080089002330000071000000010002071000000
000000013110926614530420081012002103296700000003302010020000000000010000000000000008681000000190233826000193000756615106155400000000000000000000009210804100420080089002330000086800000010002086800000
000000013210926614530420081011001103296710362853302010080000000000049540000000000042981000000188948492000192000825820991155400000000000000000000043028004100420080089002330000086770000010002086770000
000000013310926614530420081012002103296700000003301010010000000000006000000000000004741000000192078450000115000756646842155400000000000000000000009211304100420080089002330000078970000010002078970000
000000013410926614530420081011001103296710362853302010030000000000059350000000000051421000000188948492000192000825820991155400000000000000000000043028204100420080089002330000086650000010002086650000
000000013510926614530420081012002103296700000003301010010000000000002000000000000001581000000105295650000125000750246451155400000000000000000000009211404100420080089002330000078970000010002078970000
000000013610926614530420081011001103296710362853302010020000000000049760000000000043111000000188948492000192000825820991155400000000000000000000043028404100420080089002330000086640000010002086640000
000000013710926614530420081012002103296700000003302010080000000000030000000000000026031000000193183267000142000756620738155400000000000000000000009212504100420080089002330000086770000010002086770000
000000013810926614530420081012002103296700000003302010020000000000020000000000000017331000000105295650000125000750246451155400000000000000000000009212604100420080089002330000086660000010002086660000
000000013910926614530420081012002103296700000000000000000000000000010000000000000008660000000005295650000125000750246451155400000000000000000000009212604100420080000000000000000000000000000000000000
000000014010926614530420081012002103296700000003301010050000000000002000000000000001461000000188302591000100000753315211155400000000000000000000009212904100420080089002330000072870000010002072870000
000000014110926614530420081012002103296700000004101020010000000000002000000000000001581000000104631244000123000799446931155400000000000000000000009213104100420080089002330000079060000010002079060000
000000014210926614530420081012002103296700000003301010020000000000004000000000000002821000000103275793000140000791820991155400000000000000000000009213204100420080089002330000070620000010002070620000
000000014310926614530420081012002103296700000003302010020000000000004000000000000003471000000103275793000140000791820991155400000000000000000000009213204100420080089002330000086800000010002086800000
000000014410926614530420081012002103296700000003302010030000000000002000000000000001731000000106914398000158000753320291155400000000000000000000009213704100420080089002330000086650000010002086650000
000000014510926614530420081012002103296700000003302010020000000000002000000000000001741000000101617223000165000791820738155400000000000000000000009213804100420080089002330000086800000010002086800000
000000014610926614530420081012002103296700000003302010030000000000004000000000000003471000000101617223000165000791820738155400000000000000000000009213804100420080089002330000086650000010002086650000
000000014710926614530420081012002103296700000003301010010000000000000360000000000000261000000108512257000134000815147440155400000000000000000000009215904100420080089002330000071000000010002071000000
000000014810926614530420081012002103296700000003302010030000000000010000000000000008661000000104654447000488000756627104155400000000000000000000009216304100420080089002330000086650000010002086650000
000000014910926614530420081012002103296700000003302010020000000000010000000000000008681000000103959238000137000756615106155400000000000000000000009216404100420080089002330000086800000010002086800000
000000015010926614530420081012002103296700000003301010010000000000004000000000000003161000000103266406000109000857120991155400000000000000000000009216804100420080089002330000078970000010002078970000
000000015110926614530420081012002103296700000003302010020000000000010000000000000008671000000105295650000125000750246451155400000000000000000000009217304100420080089002330000086660000010002086660000
000000015210926614530420081012002103296700000003301010050000000000002000000000000001461000000188611835000129000756629301155400000000000000000000009218304100420080089002330000072870000010002072870000
000000015310926614530420081012002103296700000003301010050000000000001080000000000000771000000192715812018693000795365140155400000000000000000000009218604100420080089002330000071000000010002071000000
000000015410926614530420081012002103296700000004101020010000000000000360000000000000301000000192715812018693000795365140155400000000000000000000009218604100420080089002330000083884000010002083884400
000000015510926614530420081012002103296700000003301010050000000000004000000000000002911000000193976306000169000818020291155400000000000000000000009219404110420080089002330000072870000010002072870000
000000015610926614530420081012002103296700000003301010050000000000001000000000000000731000000188611835000803000756629204155400000000000000000000009222104110420080089002330000072870000010002072870000
000000015710926614530420081012002103296700000003301010050000000000002000000000000001461000000188611835000129000756629301155400000000000000000000009222204110420080089002330000072870000010002072870000
000000015810926614530420081012002103296700000003301010010000000000000780000000000000561000000192603869000149000815347415155400000000000000000000009222304110420080089002330000071000000010002071000000
000000015910926614530420081012002103296700000003301010010000000000001800000000000001281000000191767475000163000756646796155400000000000000000000009222704110420080089002330000071000000010002071000000
000000016010926614530420081012002103296700000003301010010000000000001440000000000001021000000179410536000135000837747415155400000000000000000000009223204110420080089002330000071000000010002071000000
000000016110926614530420081012002103296700000003301010010000000000000720000000000000511000000191889337000157000792546729155400000000000000000000009223504110420080089002330000071000000010002071000000
000000016210926614530420081012002103296700000003301010010000000000010000000000000007891000000104010746000137000814620711155400000000000000000000009225304140420080089002330000078920000010002078920000
000000016310926614530420081012002103296700000003301010050000000000000540000000000000391000000104979039000153000818022293155400000000000000000000009225504140420080089002330000072870000010002072870000
000000016410926614530420081012002103296700000004101020010000000000002000000000000001581000000192782366000188000774825993155400000000000000000000009227504140420080089002330000079060000010002079060000
000000016510926614530420081012002103296700000003301010020000000000002000000000000001411000000191889600000108000769620991155400000000000000000000009228104140420080089002330000070620000010002070620000
000000016610926614530420081012002103296700000003301010050000000000002000000000000001461000000188611835000129000756629301155400000000000000000000009228804140420080089002330000072870000010002072870000
000000016710926614530420081012002103296700000003301010050000000000004000000000000002911000000104654447000488000756627104155400000000000000000000009229104140420080089002330000072870000010002072870000
000000016810926614530420081012002103296700000003301010010000000000002160000000000001531000000191722769000179000774446729155400000000000000000000009229204140420080089002330000071000000010002071000000
000000016910926614530420081012002103296700000004101020010000000000002000000000000001581000000193532968000140000756618113155400000000000000000000009229304140420080089002330000079060000010002079060000
000000017010926614530420081012002103296700000003302010030000000000004000000000000003471000000107931883000100000746617338155400000000000000000000009229404140420080089002330000086650000010002086650000
000000017110926614530420081012002103296700000004101020010000000000000180000000000000141000000192661453000268000799447415155400000000000000000000009227604140420080089002330000079000000010002079000000
000000017210926614530420081012002103296700000003301010050000000000000600000000000000441000000192661453000268000799447415155400000000000000000000009227604140420080089002330000072870000010002072870000
000000017310926614530420081012002103296700000004101020010000000000000600000000000000471000000187885851000147000818146851155400000000000000000000009231004150420080089002330000079067000010002079066700
000000017410926614530420081011001103296710362853302010020000000000101470000000000087911000000188948492000192000825820991155400000000000000000000043059504150420080089002330000086640000010002086640000
000000017510926614530420081012002103296700000003302010030000000000001000000000000000871000000192752468000150000774828330155400000000000000000000009231104150420080089002330000086660000010002086660000
000000017610926614530420081011001103296710362853302010030000000000060730000000000052621000000188948492000192000825820991155400000000000000000000043060304150420080089002330000086650000010002086650000
000000017710926614530420081012002103296700000003302010030000000000002000000000000001731000000192782705000126000799425993155400000000000000000000009231904150420080089002330000086650000010002086650000
000000017810926614530420081011001103296710362853302010030000000000161300000000000139761000000188948492000192000825820991155400000000000000000000043066104150420080089002330000086650000010002086650000
000000017910926614530420081012002103296700000003302010030000000000100000000000000086651000000188665146000601000756628330155400000000000000000000009233004150420080089002330000086650000010002086650000
000000018010926614530420081012002103296700000003301010010000000000002000000000000001581000000191408138000180000812720614155400000000000000000000009233404150420080089002330000078970000010002078970000
000000018110926614530420081012002103296700000003301010050000000000002000000000000001461000000191408138000180000812720614155400000000000000000000009233404150420080089002330000072870000010002072870000
000000018210926614530420081012002103296700000003302010030000000000001000000000000000871000000100702802000143000810528330155400000000000000000000009234004150420080089002330000086660000010002086660000
000000018310926614530420081012002103296700000003301010010000000000000180000000000000151000000104392591000140000774858298155400000000000000000000009234304150420080089002330000085278000010002085277800
000000018410926614530420081012002103296700000003302010030000000000010000000000000008661000000104654447000488000756627104155400000000000000000000009234504150420080089002330000086650000010002086650000
000000018510926614530420081012002103296700000003302010020000000000000180000000000000161000000193126241000162000799420614155400000000000000000000009234604150420080089002330000086660000010002086660000
000000018610926614530420081012002103296700000003302010030000000000000540000000000000471000000106276626000101000750232990155400000000000000000000009234704150420080089002330000086650000010002086650000
000000018710926614530420081012002103296700000003302010020000000000010000000000000008661000000105295650000125000750246451155400000000000000000000009234904150420080089002330000086640000010002086640000
000000018810926614530420081012002103296700000003302010030000000000010000000000000008661000000105295650000125000750246451155400000000000000000000009234904150420080089002330000086650000010002086650000
000000018910926614530420081012002103296700000003301010050000000000000900000000000000661000000104754028000175000850722293155400000000000000000000009235104150420080089002330000072867000010002072866700
000000019010926614530420081012002103296700000003302010030000000000002000000000000001731000000190292970000109000753325993155400000000000000000000009236904150420080089002330000086650000010002086650000
000000019110926614530420081012002103296700000003302010020000000000020000000000000017331000000104338741000138000791820991155400000000000000000000009237104150420080089002330000086640000010002086640000
000000019210926614530420081012002103296700000003302010020000000000002000000000000001741000000104010746000137000814620711155400000000000000000000009237204150420080089002330000086800000010002086800000
000000019310926614530420081012002103296700000003301010020000000000004000000000000002821000000193976306000169000818020291155400000000000000000000009237304150420080089002330000070620000010002070620000
000000019410926614530420081012002103296700000003301010050000000000000720000000000000521000000104979039000153000818022293155400000000000000000000009237504150420080089002330000072870000010002072870000
000000019510926614530420081012002103296700000003301010050000000000002000000000000001461000000188611835000129000756629301155400000000000000000000009239204160420080089002330000072870000010002072870000
000000019610926614530420081012002103296700000003301010050000000000004000000000000002911000000191704981000103000742125993155400000000000000000000009239304160420080089002330000072870000010002072870000
000000019710926614530420081012002103296700000003302010080000000000001000000000000000871000000102491687000130000756628232155400000000000000000000009240004160420080089002330000086960000010002086960000
000000019810926614530420081012002103296700000003302010020000000000002000000000000001741000000102491687000130000756628232155400000000000000000000009240004160420080089002330000086800000010002086800000
000000019910926614530420081012002103296700000003302010020000000000010000000000000008681000000190233826000193000756615106155400000000000000000000009240204160420080089002330000086800000010002086800000
000000020010926614530420081012002103296700000003301010050000000000002000000000000001461000000187296778000178000782315106155400000000000000000000009240304160420080089002330000072870000010002072870000
000000020110926614530420081012002103296700000003302010030000000000004000000000000003471000000187296778000178000782315106155400000000000000000000009240304160420080089002330000086650000010002086650000
000000020210926614530420081012002103296700000003301010050000000000002000000000000001461000000188302591000100000753315211155400000000000000000000009241104170420080089002330000072870000010002072870000
000000020310926614530420081012002103296700000003301010010000000000001000000000000000791000000191777078000172000753346478155400000000000000000000009241404170420080089002330000078920000010002078920000
000000020410926614530420081012002103296700000003301010050000000000000900000000000000661000000187237731000133000799446729155400000000000000000000009241504170420080089002330000072870000010002072870000
000000020510926614530420081012002103296700000003302010080000000000002000000000000001741000000193360162000111000750220738155400000000000000000000009242404170420080089002330000086960000010002086960000
000000020610926614530420081012002103296700000003302010020000000000002000000000000001741000000106914398000158000753320291155400000000000000000000009242604170420080089002330000086800000010002086800000
000000020710926614530420081012002103296700000003301010010000000000000180000000000000151000000102018870000113000774825411155400000000000000000000009243604170420080089002330000085278000010002085277800
000000020810926614530420081012002103296700000003301010010000000000001000000000000000791000000191506550000132000751718211155400000000000000000000009244004170420080089002330000078920000010002078920000
000000020910926614530420081012002103296700000003302010030000000000000720000000000000621000000107774660000179000767586305155400000000000000000000009245404170420080089002330000086650000010002086650000
000000021010926614530420081012002103296700000003302010020000000000010000000000000008681000000192104199000116000771915297155400000000000000000000009245504170420080089002330000086800000010002086800000
000000021110926614530420081012002103296700000003302010020000000000010000000000000008681000000103959238000137000756615106155400000000000000000000009245704170420080089002330000086800000010002086800000
000000021210926614530420081012002103296700000003301010020000000000002000000000000001411000000104083190000109000756620711155400000000000000000000009245804170420080089002330000070620000010002070620000
000000021310926614530420081012002103296700000003301010010000000000002000000000000001581000000105295650000125000750246451155400000000000000000000009245904170420080089002330000078970000010002078970000
000000021410926614530420081012002103296700000003302010020000000000010000000000000008671000000105295650000125000750246451155400000000000000000000009245904170420080089002330000086660000010002086660000
000000021510926614530420081012002103296700000003301010050000000000002000000000000001461000000193785822000106000756629301155400000000000000000000009246904170420080089002330000072870000010002072870000
000000021610926614530420081012002103296700000003301010010000000000002000000000000001581000000173321655000135000846318121155400000000000000000000009247304170420080089002330000078970000010002078970000
000000021710926614530420081012002103296700000003302010030000000000002000000000000001731000000193903755000187000814624512155400000000000000000000009247904180420080089002330000086650000010002086650000
000000021810926614530420081011001103296710362853301010050000000000057770000000000041921000000188948492000192000825820991155400000000000000000000043083504180420080089002330000072560000010002072560000
000000021910926614530420081012002103296700000003301010020000000000000540000000000000351000000191652321000126000814628402155400000000000000000000009248804180420080089002330000064778000010002064777800
000000022010926614530420081011001103296710362853302010020000000000109780000000000095111000000188948492000192000825820991155400000000000000000000043083704180420080089002330000086640000010002086640000
000000022110926614530420081012002103296700000003302010030000000000001000000000000000871000000192752468000150000774828330155400000000000000000000009249004180420080089002330000086660000010002086660000
000000022210926614530420081012002103296700000003301010050000000000004000000000000002911000000193976306000169000818020291155400000000000000000000009249304180420080089002330000072870000010002072870000
000000022310926614530420081012002103296700000003302010020000000000004000000000000003471000000193976306000169000818020291155400000000000000000000009249304180420080089002330000086800000010002086800000
000000022410926614530420081012002103296700000003301010050000000000000360000000000000261000000104979039000153000818022293155400000000000000000000009249904180420080089002330000072870000010002072870000
000000022510926614530420081012002103296700000003301010050000000000001600000000000001171000000127011022000103000799426701155400000000000000000000009251304180420080089002330000072870000010002072870000
000000022610926614530420081012002103296700000003301010050000000000002000000000000001461000000188611835000129000756629301155400000000000000000000009252404180420080089002330000072870000010002072870000
000000022710926614530420081012002103296700000004101020010000000000000300000000000000241000000188214184000133000788047415155400000000000000000000009252704180420080089002330000079060000010002079060000
000000022810926614530420081012002103296700000003301010050000000000002000000000000001461000000193899359000123000828827511155400000000000000000000009252804180420080089002330000072870000010002072870000
000000022910926614530420081012002103296700000003301010050000000000001440000000000001051000000189463822000112000756645111155400000000000000000000009252904180420080089002330000072870000010002072870000
000000023010926614530420081012002103296700000003302010030000000000001000000000000000871000000104220434000158000756625993155400000000000000000000009253304180420080089002330000086660000010002086660000
000000023110926614530420081012002103296700000003301010010000000000002180000000000001711000000102463328000170000825047415155400000000000000000000009253404180420080089002330000071000000010002071000000
000000023210926614530420081012002103296700000003301010010000000000002000000000000001581000000107104434000180000823358191155400000000000000000000009253604180420080089002330000078970000010002078970000
000000023310926614530420081012002103296700000003302010030000000000006000000000000005201000000191495499000100000789328330155400000000000000000000009255304180420080089002330000086650000010002086650000
000000023410926614530420081012002103296700000003301010050000000000002000000000000001461000000106914398000158000753320291155400000000000000000000009256004220420080089002330000072870000010002072870000
000000023510926614530420081012002103296700000003302010020000000000010000000000000008671000000104338741000138000791820991155400000000000000000000009258004220420080089002330000086660000010002086660000
000000023610926614530420081012002103296700000003301010050000000000002000000000000001461000000188611835000129000756629301155400000000000000000000009258804220420080089002330000072870000010002072870000
000000023710926614530420081012002103296700000003302010020000000000002000000000000001741000000102491687000130000756628232155400000000000000000000009258904220420080089002330000086800000010002086800000
000000023810926614530420081012002103296700000003301010010000000000001020000000000000721000000181549693000178000850747415155400000000000000000000009259004220420080089002330000071000000010002071000000
000000023910926614530420081012002103296700000003301010050000000000000900000000000000661000000104754028000175000850722293155400000000000000000000009259204220420080089002330000072867000010002072866700
000000024010926614530420081012002103296700000003301010050000000000002000000000000001461000000103483185000120000852128330155400000000000000000000009259304220420080089002330000072870000010002072870000
000000024110926614530420081012002103296700000003302010030000000000001000000000000000871000000103072560000140000748225993155400000000000000000000009260204220420080089002330000086660000010002086660000
000000024210926614530420081012002103296700000003302010030000000000002000000000000001731000000187546552000188000746631021155400000000000000000000009260304220420080089002330000086650000010002086650000
000000024310926614530420081012002103296700000004101020010000000000002000000000000001581000000180742109000133000837725993155400000000000000000000009261404220420080089002330000079060000010002079060000
000000024410926614530420081012002103296700000003302010020000000000010000000000000008681000000190233826000193000756615106155400000000000000000000009261504220420080089002330000086800000010002086800000
000000024510926614530420081012002103296700000003302010030000000000010000000000000008661000000104654447000488000756627104155400000000000000000000009261604220420080089002330000086650000010002086650000
000000024610926614530420081012002103296700000000000000000000000000010000000000000008660000000008338687000181000756620711155400000000000000000000009261704220420080000000000000000000000000000000000000
000000024710926614530420081012002103296700000003302010030000000000002000000000000001731000000190292970000109000753325993155400000000000000000000009262304220420080089002330000086650000010002086650000
000000024810926614530420081012002103296700000003301010050000000000000360000000000000261000000192883110000152000799433163155400000000000000000000009262804230420080089002330000072870000010002072870000
000000024910926614530420081012002103296700000003301010050000000000001000000000000000731000000189688287000106000829415297155400000000000000000000009263304230420080089002330000072870000010002072870000
000000025010926614530420081012002103296700000003301010010000000000004000000000000003161000000104010746000137000814620711155400000000000000000000009263604230420080089002330000078970000010002078970000
000000025110926614530420081012002103296700000003302010030000000000004000000000000003471000000104010746000137000814620711155400000000000000000000009263604230420080089002330000086650000010002086650000
000000025210926614530420081012002103296700000003301010020000000000002000000000000001411000000197328090000186000751720291155400000000000000000000009263804230420080089002330000070620000010002070620000
000000025310926614530420081012002103296700000003301010050000000000002000000000000001461000000193126241000162000799420614155400000000000000000000009263904230420080089002330000072870000010002072870000
000000025410926614530420081012002103296700000003301010010000000000001000000000000000791000000193126241000162000799420614155400000000000000000000009263904230420080089002330000078920000010002078920000
000000025510926614530420081012002103296700000004101020010000000000002000000000000001581000000192664028001709000799447890155400000000000000000000009264104230420080089002330000079060000010002079060000
000000025610926614530420081012002103296700000003302010030000000000002000000000000001731000000192910405000185000799431012155400000000000000000000009265604230420080089002330000086650000010002086650000
000000025710926614530420081012002103296700000003302010020000000000010000000000000008671000000192808096000137000814620711155400000000000000000000009266004230420080089002330000086660000010002086660000
000000025810926614530420081012002103296700000003301010050000000000002000000000000001461000000190295338000100000828825993155400000000000000000000009266804230420080089002330000072870000010002072870000
000000025910926614530420081012002103296700000003302010080000000000001000000000000000871000000102491687000130000756628232155400000000000000000000009266904230420080089002330000086960000010002086960000
000000026010926614530420081012002103296700000003302010020000000000004000000000000003471000000102491687000130000756628232155400000000000000000000009266904230420080089002330000086800000010002086800000
000000026110926614530420081012002103296700000003302010030000000000001000000000000000871000000106066954000183000822428313155400000000000000000000009267104230420080089002330000086660000010002086660000
000000026210926614530420081012002103296700000003302010030000000000004000000000000003471000000104654447000305000756624512155400000000000000000000009267304230420080089002330000086650000010002086650000
000000026310926614530420081012002103296700000003301010050000000000004000000000000002911000000192389360000145000829022196155400000000000000000000009267404230420080089002330000072870000010002072870000
000000026410926614530420081012002103296700000003302010020000000000030000000000000026001000000105295650000125000750246451155400000000000000000000009268004230420080089002330000086660000010002086660000
000000026510926614530420081012002103296700000000000000000000000000010000000000000008660000000005295650000125000750246451155400000000000000000000009268004230420080000000000000000000000000000000000000
000000026610926614530420081012002103296700000003301010050000000000002000000000000001461000000193785822000106000756629301155400000000000000000000009269004230420080089002330000072870000010002072870000
000000026710926614530420081012002103296700000003302010030000000000002000000000000001731000000192865674000177000756645200155400000000000000000000009269204230420080089002330000086650000010002086650000
000000026810926614530420081012002103296700000003301010010000000000000540000000000000461000000192661453000268000799447415155400000000000000000000009265304230420080089002330000085278000010002085277800
000000026910926614530420081012002103296700000003301010050000000000000900000000000000661000000192661453000268000799447415155400000000000000000000009265304230420080089002330000072870000010002072870000
000000027010926614530420081012002103296700000003302010030000000000000540000000000000471000000106276626000101000750232990155400000000000000000000009270704240420080089002330000086650000010002086650000
000000027110926614530420081011001103296710362853302010020000000000050220000000000043511000000188948492000192000825820991155400000000000000000000043122904240420080089002330000086640000010002086640000
000000027210926614530420081012002103296700000003302010020000000000010000000000000008671000000104338741000138000791820991155400000000000000000000009270804240420080089002330000086660000010002086660000
000000027310926614530420081011001103296710362853301010020000000000029870000000000021091000000188948492000192000825820991155400000000000000000000043123104240420080089002330000070620000010002070620000
000000027410926614530420081012002103296700000003302010030000000000020000000000000017331000000188941125000248000818024512155400000000000000000000009271104240420080089002330000086650000010002086650000
000000027510926614530420081011001103296710362853301010050000000000080140000000000058151000000188948492000192000825820991155400000000000000000000043124204240420080089002330000072560000010002072560000
000000027610926614530420081012002103296700000003301010010000000000010000000000000007851000000193110195000103000814620622155400000000000000000000009271204240420080089002330000078470000010002078470000
000000027710926614530420081011001103296710362853301010050000000000029920000000000021711000000188948492000192000825820991155400000000000000000000043134604240420080089002330000072560000010002072560000
000000027810926614530420081012002103296700000003301010010000000000000660000000000000471000000190550427000156000799447440155400000000000000000000009272604240420080089002330000071000000010002071000000
000000027910926614530420081011001103296710362853302010030000000000070440000000000061041000000188948492000192000825820991155400000000000000000000043134904240420080089002330000086650000010002086650000
000000028010926614530420081012002103296700000003301010010000000000002000000000000001581000000104010746000137000814620711155400000000000000000000009272904240420080089002330000078970000010002078970000
000000028110926614530420081011001103296710362853302010020000000000100210000000000086821000000188948492000192000825820991155400000000000000000000043135204240420080089002330000086640000010002086640000
000000028210926614530420081012002103296700000003302010020000000000002000000000000001741000000104010746000137000814620711155400000000000000000000009272904240420080089002330000086800000010002086800000
000000028310926614530420081012002103296700000003302010020000000000006000000000000005211000000190045865000167000791820991155400000000000000000000009273004240420080089002330000086800000010002086800000
000000028410926614530420081012002103296700000003302010020000000000020000000000000017331000000192808096000137000814620711155400000000000000000000009273104240420080089002330000086660000010002086660000
000000028510926614530420081012002103296700000003301010050000000000000540000000000000391000000104979039000153000818022293155400000000000000000000009273804240420080089002330000072870000010002072870000
000000028610926614530420081012002103296700000003301010050000000000002000000000000001461000000188611835000129000756629301155400000000000000000000009274204240420080089002330000072870000010002072870000
000000028710926614530420081012002103296700000003302010030000000000002000000000000001731000000103809754000185000755420517155400000000000000000000009275404240420080089002330000086650000010002086650000
000000028810926614530420081012002103296700000003301010010000000000001500000000000001071000000109168330000165000817147415155400000000000000000000009275504240420080089002330000071000000010002071000000
000000028910926614530420081012002103296700000003301010010000000000000720000000000000511000000194616026000102000824547423155400000000000000000000009276804240420080089002330000071000000010002071000000
000000029010926614530420081012002103296700000004101020010000000000000180000000000000141000000194616026000102000824547423155400000000000000000000009276804240420080089002330000079000000010002079000000
000000029110926614530420081012002103296700000003302010030000000000001000000000000000871000000192752468000150000774828330155400000000000000000000009279704250420080089002330000086660000010002086660000
000000029210926614530420081011001103296710331823301010010000000000150000000000000117701000000134274233006801000753320991155400000000000000000000002959605250420080089002330000078470000010002078470000
000000029310926614530420081012002103296700000003301010020000000000004000000000000002821000000193976306000169000818020291155400000000000000000000009279904250420080089002330000070620000010002070620000
000000029410926614530420081012002103296700000003302010020000000000004000000000000003471000000193976306000169000818020291155400000000000000000000009279904250420080089002330000086800000010002086800000
000000029510926614530420081012002103296700000004101020010000000000002000000000000001581000000105145957000140000000000000155400000000000000000000009280604250420080089002330000079060000010002079060000
000000029610926614530420081012002103296700000003301010010000000000020000000000000015691000000193110195000103000814620622155400000000000000000000009281604280420080089002330000078470000010002078470000
000000029710926614530420081012002103296700000003302010020000000000030000000000000025991000000197328090000186000751720291155400000000000000000000009281804280420080089002330000086640000010002086640000
000000029810926614530420081012002103296700000003301010010000000000010000000000000007891000000104010746000137000814620711155400000000000000000000009282704280420080089002330000078920000010002078920000
000000029910926614530420081012002103296700000003301010050000000000002000000000000001461000000188611835000129000756629301155400000000000000000000009283804280420080089002330000072870000010002072870000
000000030010926614530420081012002103296700000003301010050000000000002000000000000001461000000193785822000106000756629301155400000000000000000000009284004280420080089002330000072870000010002072870000
000000030110926614530420081012002103296700000003302010030000000000001000000000000000871000000103072560000140000748225993155400000000000000000000009284404280420080089002330000086660000010002086660000
000000030210926614530420081012002103296700000003302010030000000000002000000000000001731000000175493577000181000843020711155400000000000000000000009284904280420080089002330000086650000010002086650000
000000030310926614530420081012002103296700000003302010020000000000020000000000000017331000000105295650000125000750246451155400000000000000000000009285404280420080089002330000086660000010002086660000
000000030410926614530420081012002103296700000004101020010000000000000500000000000000401000000100864040000181000818025993155400000000000000000000009287304290420080089002330000079100000010002079100000
000000030510926614530420081011001103296710362853302010020000000000110560000000000095791000000188948492000192000825820991155400000000000000000000043160304290420080089002330000086640000010002086640000
000000030610926614530420081012002103296700000003302010030000000000002000000000000001731000000106914398000158000753320291155400000000000000000000009287604290420080089002330000086650000010002086650000
000000030710926614530420081011001103296710362853302010030000000000050690000000000043921000000188948492000192000825820991155400000000000000000000043160404290420080089002330000086650000010002086650000
000000030810926614530420081012002103296700000003302010020000000000002000000000000001741000000104010746000137000814620711155400000000000000000000009287704290420080089002330000086800000010002086800000
000000030910926614530420081012002103296700000003301010010000000000001000000000000000791000000191506550000132000751718211155400000000000000000000009287804290420080089002330000078920000010002078920000
000000031010926614530420081012002103296700000003302010020000000000004000000000000003471000000193976306000169000818020291155400000000000000000000009287904290420080089002330000086800000010002086800000
000000031110926614530420081012002103296700000003302010020000000000002000000000000001741000000102878336000187000814620291155400000000000000000000009288004290420080089002330000086800000010002086800000
000000031210926614530420081012002103296700000003302010020000000000010000000000000008671000000104338741000138000791820991155400000000000000000000009288304290420080089002330000086660000010002086660000
000000031310926614530420081012002103296700000003301010050000000000000540000000000000391000000104979039000153000818022293155400000000000000000000009289704290420080089002330000072870000010002072870000
000000031410926614530420081012002103296700000003301010050000000000002000000000000001461000000188611835000129000756629301155400000000000000000000009291004290420080089002330000072870000010002072870000
000000031510926614530420081012002103296700000003301010050000000000000900000000000000661000000104754028000175000850722293155400000000000000000000009291304290420080089002330000072867000010002072866700
000000031610926614530420081012002103296700000004101020010000000000001260000000000000991000000101036716000101000850746729155400000000000000000000009291404290420080089002330000079000000010002079000000
000000031710926614530420081012002103296700000003302010020000000000014000000000000012151000000190233826000193000756615106155400000000000000000000009291504290420080089002330000086800000010002086800000
000000031810926614530420081012002103296700000003302010030000000000006000000000000005201000000192544196000101000776728330155400000000000000000000009292604290420080089002330000086650000010002086650000
000000031910926614530420081012002103296700000003302010020000000000010000000000000008671000000104338741000138000791820991155400000000000000000000009292904290420080089002330000086660000010002086660000
000000032010926614530420081012002103296700000003302010030000000000002000000000000001731000000190292970000109000753325993155400000000000000000000009293104290420080089002330000086650000010002086650000
000000032110926614530420081012002103296700000003302010020000000000010000000000000008671000000104338741000138000791820991155400000000000000000000009293404300420080089002330000086660000010002086660000
000000032210926614530420081011001103296710362853302010020000000000159730000000000138391000000188948492000192000825820991155400000000000000000000043182204300420080089002330000086640000010002086640000
000000032310926614530420081012002103296700000003302010030000000000001000000000000000871000000192752468000150000774828330155400000000000000000000009294404300420080089002330000086660000010002086660000
000000032410926614530420081011001103296710362853302010030000000000050350000000000043631000000188948492000192000825820991155400000000000000000000043183104300420080089002330000086650000010002086650000
000000032510926614530420081012002103296700000003301010010000000000001000000000000000791000000191777078000172000753346478155400000000000000000000009294504300420080089002330000078920000010002078920000
000000032610926614530420081011001103296710362853301010050000000000108400000000000078661000000188948492000192000825820991155400000000000000000000043184304300420080089002330000072560000010002072560000
000000032710926614530420081012002103296700000004101020010000000000002000000000000001581000000103563115000182000799428313155400000000000000000000009294704300420080089002330000079060000010002079060000
000000032810926614530420081012002103296700000003301010020000000000004000000000000002821000000107079525000103000814622293155400000000000000000000009294904300420080089002330000070620000010002070620000
000000032910926614530420081012002103296700000003302010020000000000020000000000000017331000000192779370000197000753320991155400000000000000000000009296304300420080089002330000086640000010002086640000
000000033010926614530420081012002103296700000003302010030000000000020000000000000017331000000187288940000297000793828330155400000000000000000000009296504300420080089002330000086650000010002086650000
000000033110926614530420081012002103296700000003301010050000000000002000000000000001461000000193899359000123000828827511155400000000000000000000009296604300420080089002330000072870000010002072870000
000000033210926614530420081012002103296700000003302010030000000000010000000000000008661000000102588815000169000848825438155400000000000000000000009296904300420080089002330000086650000010002086650000
000000033310926614530420081012002103296700000003301010050000000000002000000000000001461000000103483185000120000852128330155400000000000000000000009297004300420080089002330000072870000010002072870000
000000033410926614530420081012002103296700000003301010050000000000000180000000000000131000000192781335000102000799425501155400000000000000000000009298404300420080089002330000071000000010002071000000
000000033510926614530420081012002103296700000003301010020000000000004000000000000002821000000191889600000108000769620991155400000000000000000000009298504300420080089002330000070620000010002070620000
000000033610926614530420081012002103296700000003301010050000000000002000000000000001461000000104157821000197000799328291155400000000000000000000009298604300420080089002330000072870000010002072870000
