000000000010926614530120180000284
000000000110926614530120183010003103296700000003302010020000000000164310000000000143001000000100000000000000000000000000155400000000000000000000000000000010120180089002330000087000000010002087000000
000000000210926614530120183020003103296700000003302010020000000000155940000000000135721000000100000000000000000000000000155400000000000000000000000000000310120180089002330000087000000010002087000000
000000000310926614530120184011998103296700000000000000000000000000392960000000000342000000000000000000000000000000000000155400000000000000000000000000000310120180000000000000000000000000000000000000
000000000410926614530120181011998103296700000000000000000000000000392960000000000342000000000000000000000000000000000000155400000000000000000000000000000310120180000000000000000000000000000000000000
000000000510926614530120184012998103296700000000000000000000000000401330000000000349280000000000000000000000000000000000155400000000000000000000000000000310120180000000000000000000000000000000000000
000000000610926614530120181012998103296700000000000000000000000000093910000000000081720000000000000000000000000000000000155400000000000000000000000000000310120180000000000000000000000000000000000000
000000000710926614530120181022003103296700000000000000000000000000307420000000000267560000000000000000000000000000000000155400000000000000000000000000000310120180000000000000000000000000000000000000
000000000810926614530120181022998103296700000000000000000000000000307420000000000267560000000000000000000000000000000000155400000000000000000000000000000310120180000000000000000000000000000000000000
000000000910926614530120183010003103296700000003302010030000000000122980000000000106381000000100000000000000000000000000155400000000000000000000000000000010120180089002330000086650000010002086650000
000000001010926614530120183020003103296700000003302010030000000000055860000000000048331000000100000000000000000000000000155400000000000000000000000000000310120180089002330000086650000010002086650000
000000001110926614530120184011998103296700000000000000000000000000152380000000000131840000000000000000000000000000000000155400000000000000000000000000000310120180000000000000000000000000000000000000
000000001210926614530120181011998103296700000000000000000000000000152380000000000131840000000000000000000000000000000000155400000000000000000000000000000310120180000000000000000000000000000000000000
000000001310926614530120184012998103296700000000000000000000000000219500000000000189890000000000000000000000000000000000155400000000000000000000000000000310120180000000000000000000000000000000000000
000000001410926614530120181012998103296700000000000000000000000000219500000000000189890000000000000000000000000000000000155400000000000000000000000000000310120180000000000000000000000000000000000000
000000001510926614530120181011999103296700000000000000000000000000152380000000000-82360000000000000000000000000000000000155400000000000000000000000000000310120180000000000000000000000000000000000000
000000001610926614530120183010003103296700000000000000000000000000095660000000000075010000000000000000000000000000000000155400000000000000000000000000000010120180000000000000000000000000000000000000
000000001710926614530120183020003103296700000000000000000000000000079220000000000062100000000000000000000000000000000000155400000000000000000000000000000310120180000000000000000000000000000000000000
000000001810926614530120184011998103296700000000000000000000000000100000000000000078080000000000000000000000000000000000155400000000000000000000000000000310120180000000000000000000000000000000000000
000000001910926614530120181011998103296700000000000000000000000000100000000000000078080000000000000000000000000000000000155400000000000000000000000000000310120180000000000000000000000000000000000000
000000002010926614530120184012998103296700000000000000000000000000116440000000000090990000000000000000000000000000000000155400000000000000000000000000000310120180000000000000000000000000000000000000
000000002110926614530120181012998103296700000000000000000000000000109720000000000085670000000000000000000000000000000000155400000000000000000000000000000310120180000000000000000000000000000000000000
000000002210926614530120181022003103296700000000000000000000000000006720000000000005320000000000000000000000000000000000155400000000000000000000000000000310120180000000000000000000000000000000000000
000000002310926614530120181022998103296700000000000000000000000000006720000000000005320000000000000000000000000000000000155400000000000000000000000000000310120180000000000000000000000000000000000000
000000002410926614530120183010003103296700000003301010010000000000106140000000000082271000000100000000000000000000000000155400000000000000000000000000000010120180089002330000077500000010002077500000
000000002510926614530120183020003103296700000003301010010000000000031550000000000024471000000100000000000000000000000000155400000000000000000000000000000310120180089002330000077500000010002077500000
000000002610926614530120184011998103296700000000000000000000000000050000000000000038750000000000000000000000000000000000155400000000000000000000000000000310120180000000000000000000000000000000000000
000000002710926614530120181011998103296700000000000000000000000000050000000000000038750000000000000000000000000000000000155400000000000000000000000000000310120180000000000000000000000000000000000000
000000002810926614530120184012998103296700000000000000000000000000124590000000000096550000000000000000000000000000000000155400000000000000000000000000000310120180000000000000000000000000000000000000
000000002910926614530120181012998103296700000000000000000000000000086320000000000066920000000000000000000000000000000000155400000000000000000000000000000310120180000000000000000000000000000000000000
000000003010926614530120181022003103296700000000000000000000000000038270000000000029630000000000000000000000000000000000155400000000000000000000000000000310120180000000000000000000000000000000000000
000000003110926614530120181022998103296700000000000000000000000000038270000000000029630000000000000000000000000000000000155400000000000000000000000000000310120180000000000000000000000000000000000000
000000003210926614530120183010003103296700000003302010080000000000017430000000000015081000000100000000000000000000000000155400000000000000000000000000000010120180089002330000086500000010002086500000
000000003310926614530120183020003103296700000003302010080000000000049220000000000019521000000100000000000000000000000000155400000000000000000000000000000310120180089002330000086500000010002086500000
000000003410926614530120184011998103296700000000000000000000000000046590000000000040300000000000000000000000000000000000155400000000000000000000000000000310120180000000000000000000000000000000000000
000000003510926614530120181011998103296700000000000000000000000000046590000000000040300000000000000000000000000000000000155400000000000000000000000000000310120180000000000000000000000000000000000000
000000003610926614530120184012998103296700000000000000000000000000014800000000000035860000000000000000000000000000000000155400000000000000000000000000000310120180000000000000000000000000000000000000
000000003710926614530120181012998103296700000000000000000000000000000360000000000000320000000000000000000000000000000000155400000000000000000000000000000310120180000000000000000000000000000000000000
000000003810926614530120181022003103296700000000000000000000000000014440000000000035540000000000000000000000000000000000155400000000000000000000000000000310120180000000000000000000000000000000000000
000000003910926614530120181022998103296700000000000000000000000000014440000000000035540000000000000000000000000000000000155400000000000000000000000000000310120180000000000000000000000000000000000000
000000004010926614530120183010003103296700000003301010050000000000012010000000000008581000000100000000000000000000000000155400000000000000000000000000000010120180089002330000072500000010002072500000
000000004110926614530120183020003103296700000003301010050000000000042770000000000030731000000100000000000000000000000000155400000000000000000000000000000310120180089002330000072500000010002072500000
000000004210926614530120184011998103296700000000000000000000000000080460000000000058070000000000000000000000000000000000155400000000000000000000000000000310120180000000000000000000000000000000000000
000000004310926614530120181011998103296700000000000000000000000000080460000000000058070000000000000000000000000000000000155400000000000000000000000000000310120180000000000000000000000000000000000000
000000004410926614530120184012998103296700000000000000000000000000049700000000000035920000000000000000000000000000000000155400000000000000000000000000000310120180000000000000000000000000000000000000
000000004510926614530120181012998103296700000000000000000000000000049700000000000035920000000000000000000000000000000000155400000000000000000000000000000310120180000000000000000000000000000000000000
000000004610926614530120181011999103296700000000000000000000000000080460000000000-47460000000000000000000000000000000000155400000000000000000000000000000310120180000000000000000000000000000000000000
000000004710926614530120183010003103296700000003301010020000000000056890000000000039821000000100000000000000000000000000155400000000000000000000000000000010120180089002330000070620000010002070620000
000000004810926614530120183020003103296700000003301010020000000000018070000000000073241000000100000000000000000000000000155400000000000000000000000000000310120180089002330000070620000010002070620000
000000004910926614530120184011998103296700000000000000000000000000162290000000000112000000000000000000000000000000000000155400000000000000000000000000000310120180000000000000000000000000000000000000
000000005010926614530120181011998103296700000000000000000000000000162290000000000112000000000000000000000000000000000000155400000000000000000000000000000310120180000000000000000000000000000000000000
000000005110926614530120184012998103296700000000000000000000000000201110000000000078580000000000000000000000000000000000155400000000000000000000000000000310120180000000000000000000000000000000000000
000000005210926614530120181012998103296700000000000000000000000000080400000000000056000000000000000000000000000000000000155400000000000000000000000000000310120180000000000000000000000000000000000000
000000005310926614530120181022003103296700000000000000000000000000120710000000000022580000000000000000000000000000000000155400000000000000000000000000000310120180000000000000000000000000000000000000
000000005410926614530120181022998103296700000000000000000000000000120710000000000022580000000000000000000000000000000000155400000000000000000000000000000310120180000000000000000000000000000000000000
000000005510926614530120181012002103296700000003302010020000000000012000000000000010441000000187060364000145000000000000155400000000000000000000016365904020120180089002330000087000000010002087000000
000000005610926614530120181012002103296700000003301010010000000000000900000000000000701000000119617837000102000000000000155400000000000000000000016366504020120180089002330000077500000010002077500000
000000005710926614530120181012002103296700000003301010010000000000004000000000000003101000000172219603000190000000000000155400000000000000000000016366804020120180089002330000077500000010002077500000
000000005810926614530120181012002103296700000003302010030000000000002000000000000001731000000172219603000190000000000000155400000000000000000000016366804020120180089002330000086500000010002086500000
000000005910926614530120181012002103296700000003302010020000000000004000000000000003481000000105433422000174000000000000155400000000000000000000016370104030120180089002330000087000000010002087000000
000000006010926614530120181011001103296700000000000000000000000000162290000000000112000000000000000000000000000000000000155400000000000000000000014544200030120180000000000000000000000000000000000000
000000006110926614530120181012002103296700000003301010050000000000002000000000000001451000000193899359000123000828827511155400000000000000000000016370304030120180089002330000072300000010002072300000
000000006210926614530120181011001103296700000000000000000000000000050000000000000038750000000000000000000000000000000000155400000000000000000000024572700030120180000000000000000000000000000000000000
000000006310926614530120181012002103296700000000000000000000000000006000000000000004640000000000871981000142000000000000155400000000000000000000016370704030120180000000000000000000000000000000000000
000000006410926614530120181011001103296700000000000000000000000000000000000000000070350000000000000000000000000000000000155400000000000000000000024572700030120180000000000000000000000000000000000000
000000006510926614530120181012002103296700000003301010010000000000000360000000000000281000000107061706000293000000000000155400000000000000000000016372404040120180089002330000077500000010002077500000
000000006610926614530120181012002103296700000003301010020000000000003000000000000002101000000100000000000000000000000000155400000000000000000000016373304040120180089002330000070000000010002070000000
000000006710926614530120181012002103296700000000000000000000000000001000000000000000780000000000000000000000000000000000155400000000000000000000016373404040120180000000000000000000000000000000000000
000000006810926614530120181012002103296700000003301010010000000000001000000000000000781000000128347176000133000000000000155400000000000000000000016373504040120180089002330000077500000010002077500000
000000006910926614530120181012002103296700000003302010030000000000002000000000000001731000000128347176000133000000000000155400000000000000000000016373504040120180089002330000086500000010002086500000
000000007010926614530120181012002103296700000000000000000000000000002000000000000001580000000091830836004085000000000000155400000000000000000000016374304040120180000000000000000000000000000000000000
000000007110926614530120181012002103296700000000000000000000000000002000000000000001580000000003809754000185000755420517155400000000000000000000016374404040120180000000000000000000000000000000000000
000000007210926614530120181012002103296700000000000000000000000000002000000000000001400000000093110195000103000814620622155400000000000000000000016374904040120180000000000000000000000000000000000000
000000007310926614530120181012002103296700000003301010010000000000000200000000000000161000000188331590000186000000000000155400000000000000000000016376504040120180089002330000077500000010002077500000
000000007410926614530120181012002103296700000000000000000000000000006000000000000004720000000001844768000104000000000000155400000000000000000000016378404050120180000000000000000000000000000000000000
000000007510926614530120181012002103296700000000000000000000000000002000000000000001580000000091672865000150000000000000155400000000000000000000016381404050120180000000000000000000000000000000000000
000000007610926614530120181012002103296700000003301010010000000000001000000000000000781000000100000000000000000000000000155400000000000000000000016383504050120180089002330000077500000010002077500000
000000007710926614530120181012002103296700000003301010020000000000020000000000000013821000000111666612000134000000000000155400000000000000000000016384404080120180089002330000069100000010002069100000
000000007810926614530120181011001103296700000000000000000000000000000000000000000128800000000000000000000000000000000000155400000000000000000000075187000080120180000000000000000000000000000000000000
000000007910926614530120181012002103296700000000000000000000000000002000000000000001400000000005013038000112000000000000155400000000000000000000016385704080120180000000000000000000000000000000000000
000000008010926614530120181011001103296700000000000000000000000000147530000000000128400000000000000000000000000000000000155400000000000000000000075191500080120180000000000000000000000000000000000000
000000008110926614530120181012002103296700000000000000000000000000003000000000000002370000000074140831000103000000000000155400000000000000000000016386004080120180000000000000000000000000000000000000
000000008210926614530120181012002103296700000000000000000000000000000500000000000000400000000009559474000142000000000000155400000000000000000000016386104080120180000000000000000000000000000000000000
000000008310926614530120181012002103296700000000000000000000000000000200000000000000160000000008083536000120000000000000155400000000000000000000016387304080120180000000000000000000000000000000000000
000000008410926614530120181012002103296700000000000000000000000000002000000000000001400000000093110195000103000814620622155400000000000000000000016388104080120180000000000000000000000000000000000000
000000008510926614530120181012002103296700000000000000000000000000000200000000000000160000000092782366000188000774825993155400000000000000000000016388804080120180000000000000000000000000000000000000
000000008610926614530120181012002103296700000000000000000000000000000200000000000000160000000092782366000188000774825993155400000000000000000000016388904080120180000000000000000000000000000000000000
000000008710926614530120181012002103296700000003302010030000000000000500000000000000431000000194623907000150000000000000155400000000000000000000016390404080120180089002330000086500000010002086500000
000000008810926614530120181012002103296700000003301010020000000000000600000000000000421000000100000000000000000000000000155400000000000000000000016391004090120180089002330000070000000010002070000000
000000008910926614530120181012002103296700000003301010020000000000001000000000000000701000000100000000000000000000000000155400000000000000000000016392704090120180089002330000070000000010002070000000
000000009010926614530120181012002103296700000003302010030000000000012000000000000010381000000187288940000297000793828330155400000000000000000000016393704090120180089002330000086500000010002086500000
000000009110926614530120181012002103296700000003301010010000000000004000000000000003101000000172219603000190000000000000155400000000000000000000016394404090120180089002330000077500000010002077500000
000000009210926614530120181012002103296700000003302010030000000000002000000000000001731000000172219603000190000000000000155400000000000000000000016394404090120180089002330000086500000010002086500000
000000009310926614530120181012002103296700000003301010020000000000005000000000000003461000000117165071000147000000000000155400000000000000000000016394604090120180089002330000069100000010002069100000
000000009410926614530120181012002103296700000003302010030000000000001000000000000000861000000117165071000147000000000000155400000000000000000000016394604090120180089002330000086500000010002086500000
000000009510926614530120181012002103296700000000000000000000000000004000000000000003150000000001200164000125000000000000155400000000000000000000016395504090120180000000000000000000000000000000000000
000000009610926614530120181012002103296700000000000000000000000000010000000000000007880000000092078450000115000756646842155400000000000000000000016396304090120180000000000000000000000000000000000000
000000009710926614530120181012002103296700000003301010010000000000001000000000000000781000000128347176000133000000000000155400000000000000000000016397704090120180089002330000077500000010002077500000
000000009810926614530120181012002103296700000000000000000000000000002000000000000001400000000012145999000146000000000000155400000000000000000000016398104090120180000000000000000000000000000000000000
000000009910926614530120181012002103296700000003302010030000000000002000000000000001731000000107944100000115000000000000155400000000000000000000016399504100120180089002330000086500000010002086500000
000000010010926614530120181012002103296700000003302010030000000000000900000000000000781000000187288940000297000793828330155400000000000000000000016401804100120180089002330000086500000010002086500000
000000010110926614530120181012002103296700000000000000000000000000000500000000000000400000000074140831000103000000000000155400000000000000000000016402104100120180000000000000000000000000000000000000
000000010210926614530120181012002103296700000003302010030000000000000500000000000000431000000100652844000117000000000000155400000000000000000000016402204100120180089002330000086500000010002086500000
000000010310926614530120181012002103296700000000000000000000000000002000000000000001580000000003404401000103000000000000155400000000000000000000016402404100120180000000000000000000000000000000000000
000000010410926614530120181012002103296700000000000000000000000000001500000000000001190000000089460331000118000000000000155400000000000000000000016402804100120180000000000000000000000000000000000000
000000010510926614530120181012002103296700000000000000000000000000002000000000000001400000000091408138000180000812720614155400000000000000000000016403204100120180000000000000000000000000000000000000
000000010610926614530120181012002103296700000003301010010000000000002000000000000001551000000191408138000180000812720614155400000000000000000000016403204100120180089002330000077500000010002077500000
000000010710926614530120181012002103296700000000000000000000000000004000000000000003150000000091408138000180000812720614155400000000000000000000016403204100120180000000000000000000000000000000000000
000000010810926614530120181012002103296700000003302010020000000000002000000000000001741000000105433422000174000000000000155400000000000000000000016403704100120180089002330000087000000010002087000000
000000010910926614530120181012002103296700000000000000000000000000002000000000000001400000000004380995000114000000000000155400000000000000000000016404004100120180000000000000000000000000000000000000
000000011010926614530120181012002103296700000003301010020000000000001000000000000000701000000120743591000102000000000000155400000000000000000000016405004100120180089002330000070000000010002070000000
000000011110926614530120181012002103296700000003302010020000000000002000000000000001741000000104774215000200000000000000155400000000000000000000016406004100120180089002330000087000000010002087000000
000000011210926614530120181012002103296700000003301010010000000000001140000000000000881000000106049304000120000791047415155400000000000000000000016410004110120180089002330000077500000010002077500000
000000011310926614530120181012002103296700000000000000000000000000000180000000000000140000000011288954000249000000000000155400000000000000000000016410204110120180000000000000000000000000000000000000
000000011410926614530120181012002103296700000000000000000000000000000540000000000000430000000093729309000106000756646184155400000000000000000000016410404110120180000000000000000000000000000000000000
000000011510926614530120181012002103296700000000000000000000000000000180000000000000160000000003705616000156000750225438155400000000000000000000016412004110120180000000000000000000000000000000000000
000000011610926614530120181012002103296700000000000000000000000000000720000000000000510000000096735162000147000814622196155400000000000000000000016412504110120180000000000000000000000000000000000000
000000011710926614530120181012002103296700000000000000000000000000010000000000000008700000000094661428000129000791820991155400000000000000000000016413004110120180000000000000000000000000000000000000
000000011810926614530120181012002103296700000000000000000000000000020000000000000015400000000001039778000177000000000000155400000000000000000000016413204110120180000000000000000000000000000000000000
000000011910926614530120181012002103296700000003301010010000000000000780000000000000601000000102947841000136000000000000155400000000000000000000016415304120120180089002330000077500000010002077500000
000000012010926614530120181012002103296700000003302010030000000000001000000000000000861000000100585002000190000799420291155400000000000000000000016415504120120180089002330000086500000010002086500000
000000012110926614530120181012002103296700000003301010010000000000000540000000000000421000000103578031000112000000000000155400000000000000000000016415804120120180089002330000077500000010002077500000
000000012210926614530120181012002103296700000003302010030000000000001000000000000000861000000197192256000180000000000000155400000000000000000000016416504120120180089002330000086500000010002086500000
000000012310926614530120181012002103296700000003301010050000000000001000000000000000701000000189326524000180000000000000155400000000000000000000016417604120120180089002330000070350000010002070350000
000000012410926614530120181012002103296700000003301010010000000000004000000000000003101000000172219603000190000000000000155400000000000000000000016417904120120180089002330000077500000010002077500000
000000012510926614530120181012002103296700000003302010030000000000002000000000000001731000000172219603000190000000000000155400000000000000000000016417904120120180089002330000086500000010002086500000
000000012610926614530120181012002103296700000003302010030000000000000900000000000000781000000187288940000297000793828330155400000000000000000000016418004120120180089002330000086500000010002086500000
000000012710926614530120181012002103296700000003302010030000000000002000000000000001731000000191495499000100000789328330155400000000000000000000016418104120120180089002330000086500000010002086500000
000000012810926614530120181012002103296700000003302010030000000000002000000000000001731000000128347176000133000000000000155400000000000000000000016418404120120180089002330000086500000010002086500000
000000012910926614530120181012002103296700000003302010020000000000002000000000000001741000000105433422000174000000000000155400000000000000000000016418504120120180089002330000087000000010002087000000
000000013010926614530120181012002103296700000003301010050000000000002000000000000001451000000192094028000153000000000000155400000000000000000000016418804120120180089002330000072500000010002072500000
000000013110926614530120181012002103296700000000000000000000000000002000000000000001400000000007041091000152000000000000155400000000000000000000016419004120120180000000000000000000000000000000000000
000000013210926614530120181012002103296700000000000000000000000000000360000000000000280000000091889600000108000769620991155400000000000000000000016420404150120180000000000000000000000000000000000000
000000013310926614530120181012002103296700000003302010030000000000002000000000000001731000000191889600000108000769620991155400000000000000000000016420404150120180089002330000086500000010002086500000
000000013410926614530120181012002103296700000000000000000000000000002000000000000001400000000091952978000109000791822293155400000000000000000000016420504150120180000000000000000000000000000000000000
000000013510926614530120181012002103296700000003302010030000000000002000000000000001731000000117353713000131000000000000155400000000000000000000016421004150120180089002330000086500000010002086500000
000000013610926614530120181012002103296700000003301010010000000000000180000000000000141000000194473485000184000000000000155400000000000000000000016421904150120180089002330000077500000010002077500000
000000013710926614530120181012002103296700000003301010010000000000002000000000000001551000000186992088000190000000000000155400000000000000000000016422804150120180089002330000077500000010002077500000
000000013810926614530120181012002103296700000000000000000000000000000180000000000000160000000091239442000140000000000000155400000000000000000000016422904150120180000000000000000000000000000000000000
000000013910926614530120181012002103296700000003302010030000000000000600000000000000521000000191495499000453000000000000155400000000000000000000016423804150120180089002330000086500000010002086500000
000000014010926614530120181012002103296700000000000000000000000000000360000000000000310000000001266107000149000000000000155400000000000000000000016423904150120180000000000000000000000000000000000000
000000014110926614530120181012002103296700000000000000000000000000000180000000000000160000000075493577000181000843020711155400000000000000000000016424004150120180000000000000000000000000000000000000
000000014210926614530120181012002103296700000000000000000000000000002000000000000001580000000007872571000165000000000000155400000000000000000000016424304150120180000000000000000000000000000000000000
000000014310926614530120181012002103296700000000000000000000000000006000000000000004640000000000871981000142000000000000155400000000000000000000016424404150120180000000000000000000000000000000000000
000000014410926614530120181012002103296700000003301010050000000000008000000000000005801000000109461855000194000000000000155400000000000000000000016426004150120180089002330000072500000010002072500000
000000014510926614530120181012002103296700000000000000000000000000020000000000000017330000000094464914000157000000000000155400000000000000000000016427504160120180000000000000000000000000000000000000
000000014610926614530120181012002103296700000003302010030000000000012000000000000010381000000187288940000297000793828330155400000000000000000000016430104160120180089002330000086500000010002086500000
000000014710926614530120181012002103296700000003301010010000000000000960000000000000741000000192603869000149000815347415155400000000000000000000016430604160120180089002330000077500000010002077500000
000000014810926614530120181012002103296700000003301010050000000000000300000000000000221000000183487124000170000837745307155400000000000000000000016431604160120180089002330000072500000010002072500000
000000014910926614530120181012002103296700000003301010010000000000002000000000000001551000000187859278000105000000000000155400000000000000000000016433504160120180089002330000077500000010002077500000
000000015010926614530120181012002103296700000003302010020000000000002000000000000001741000000102002627000107000000000000155400000000000000000000016433904160120180089002330000087000000010002087000000
000000015110926614530120181012002103296700000003301010050000000000004000000000000002901000000187076519000131000000000000155400000000000000000000016435104160120180089002330000072500000010002072500000
000000015210926614530120181012002103296700000003302010030000000000002000000000000001731000000108946415000164000000000000155400000000000000000000016435204160120180089002330000086500000010002086500000
000000015310926614530120181012002103296700000003302010020000000000002000000000000001741000000105013038000112000000000000155400000000000000000000016435404160120180089002330000087000000010002087000000
000000015410926614530120181012002103296700000000000000000000000000002000000000000001400000000005562463000160000000000000155400000000000000000000016435504160120180000000000000000000000000000000000000
000000015510926614530120181012002103296700000003301010010000000000000500000000000000391000000128022805000155000000000000155400000000000000000000016435604160120180089002330000077500000010002077500000
000000015610926614530120181012002103296700000003302010030000000000000500000000000000431000000128022805000155000000000000155400000000000000000000016435604160120180089002330000086500000010002086500000
000000015710926614530120181012002103296700000000000000000000000000000900000000000000710000000092697093000173000799449213155400000000000000000000016437804170120180000000000000000000000000000000000000
000000015810926614530120181012002103296700000000000000000000000000001000000000000000790000000004673581000183000000000000155400000000000000000000016438304170120180000000000000000000000000000000000000
000000015910926614530120181012002103296700000003301010050000000000002000000000000001451000000190295338000100000828825993155400000000000000000000016439104170120180089002330000072300000010002072300000
000000016010926614530120181012002103296700000000000000000000000000003000000000000002100000000000000000000000000000000000155400000000000000000000016440304170120180000000000000000000000000000000000000
000000016110926614530120181012002103296700000003302010030000000000012000000000000010381000000189424550000141000767545307155400000000000000000000016441504170120180089002330000086500000010002086500000
000000016210926614530120181012002103296700000003301010050000000000002000000000000001451000000193899359000123000828827511155400000000000000000000016442004170120180089002330000072300000010002072300000
000000016310926614530120181012002103296700000003301010050000000000008000000000000005801000000109461855000194000000000000155400000000000000000000016442404170120180089002330000072500000010002072500000
000000016410926614530120181012002103296700000000000000000000000000010000000000000007730000000090854308000359000000000000155400000000000000000000016444004180120180000000000000000000000000000000000000
000000016510926614530120181012002103296700000003302010020000000000002000000000000001741000000187060364000145000000000000155400000000000000000000016444304180120180089002330000087000000010002087000000
000000016610926614530120181012002103296700000003301010010000000000000180000000000000141000000110649397000109000000000000155400000000000000000000016444504180120180089002330000077500000010002077500000
000000016710926614530120181012002103296700000003301010050000000000002000000000000001451000000110649397000109000000000000155400000000000000000000016444504180120180089002330000072300000010002072300000
000000016810926614530120181012002103296700000003302010030000000000002000000000000001731000000190292970000109000753325993155400000000000000000000016444604180120180089002330000086500000010002086500000
000000016910926614530120181012002103296700000003301010010000000000000720000000000000561000000190550427000156000799447440155400000000000000000000016446004180120180089002330000077500000010002077500000
000000017010926614530120181012002103296700000003301010010000000000002880000000000002231000000105410753000199000756647415155400000000000000000000016446504180120180089002330000077500000010002077500000
000000017110926614530120181012002103296700000003302010020000000000002000000000000001741000000100987668000174000000000000155400000000000000000000016448104180120180089002330000087000000010002087000000
000000017210926614530120181012002103296700000003302010020000000000004000000000000003481000000105433422000174000000000000155400000000000000000000016448504180120180089002330000087000000010002087000000
000000017310926614530120181012002103296700000003302010020000000000002000000000000001741000000102002627000107000000000000155400000000000000000000016449704180120180089002330000087000000010002087000000
000000017410926614530120181012002103296700000000000000000000000000001000000000000000700000000020743591000102000000000000155400000000000000000000016450304180120180000000000000000000000000000000000000
000000017510926614530120181012002103296700000003302010030000000000002000000000000001731000000104654447000305000756624512155400000000000000000000016450804180120180089002330000086500000010002086500000
000000017610926614530120181012002103296700000003301010010000000000012000000000000009301000000104774215000200000000000000155400000000000000000000016451104180120180089002330000077500000010002077500000
000000017710926614530120181012002103296700000003301010010000000000002000000000000001551000000100521806000125000000000000155400000000000000000000016451204180120180089002330000077500000010002077500000
000000017810926614530120181012002103296700000000000000000000000000002000000000000001400000000004380995000114000000000000155400000000000000000000016452904190120180000000000000000000000000000000000000
000000017910926614530120181011001103296700000000000000000000000000000000000000000085400000000000000000000000000000000000155400000000000000000000075497700190120180000000000000000000000000000000000000
000000018010926614530120181012002103296700000003301010050000000000001000000000000000701000000103705616000156000750225438155400000000000000000000016453504190120180089002330000070350000010002070350000
000000018110926614530120181011001103296700000000000000000000000000245430000000000213600000000000000000000000000000000000155400000000000000000000075501600190120180000000000000000000000000000000000000
000000018210926614530120181012002103296700000003301010010000000000002000000000000001551000000191777078000172000753346478155400000000000000000000016454804190120180089002330000077500000010002077500000
000000018310926614530120181012002103296700000003302010030000000000002000000000000001731000000128347176000133000000000000155400000000000000000000016455504190120180089002330000086500000010002086500000
000000018410926614530120181012002103296700000003301010010000000000002000000000000001551000000172219603000190000000000000155400000000000000000000016456004190120180089002330000077500000010002077500000
000000018510926614530120181012002103296700000003302010030000000000002000000000000001731000000172219603000190000000000000155400000000000000000000016456004190120180089002330000086500000010002086500000
000000018610926614530120181012002103296700000003302010030000000000080920000000000070001000000188610126000129000000000000155400000000000000000000016456404190120180089002330000086505000010002086505200
000000018710926614530120181012002103296700000003302010020000000000002000000000000001741000000111238432000151000000000000155400000000000000000000016458404220120180089002330000087000000010002087000000
000000018810926614530120181011001103296700000000000000000000000000000000000000000035180000000000000000000000000000000000155400000000000000000000024728200220120180000000000000000000000000000000000000
000000018910926614530120181012002103296700000003301010010000000000002000000000000001551000000114892045000122000000000000155400000000000000000000016459904220120180089002330000077500000010002077500000
000000019010926614530120181011001103296700000000000000000000000000100000000000000078080000000000000000000000000000000000155400000000000000000000024728200220120180000000000000000000000000000000000000
000000019110926614530120181012002103296700000003302010030000000000002000000000000001731000000107944100000115000000000000155400000000000000000000016460204220120180089002330000086500000010002086500000
000000019210926614530120181012002103296700000003301010050000000000000180000000000000131000000122759165000184000000000000155400000000000000000000016460304220120180089002330000072500000010002072500000
000000019310926614530120181012002103296700000003301010010000000000000900000000000000701000000191768176000143000777446796155400000000000000000000016461104220120180089002330000077500000010002077500000
000000019410926614530120181012002103296700000000000000000000000000000360000000000000280000000091768176000143000777446796155400000000000000000000016461104220120180000000000000000000000000000000000000
000000019510926614530120181012002103296700000003302010030000000000000900000000000000781000000187288940000297000793828330155400000000000000000000016462204220120180089002330000086500000010002086500000
000000019610926614530120181012002103296700000000000000000000000000002000000000000001400000000005013038000112000000000000155400000000000000000000016463204220120180000000000000000000000000000000000000
000000019710926614530120181012002103296700000000000000000000000000010000000000000008700000000094661428000129000791820991155400000000000000000000016463404220120180000000000000000000000000000000000000
000000019810926614530120181012002103296700000003302010030000000000000500000000000000431000000118528284000159000000000000155400000000000000000000016463604220120180089002330000086500000010002086500000
000000019910926614530120181012002103296700000003302010030000000000000500000000000000431000000194623907000150000000000000155400000000000000000000016463804220120180089002330000086500000010002086500000
000000020010926614530120181012002103296700000003301010010000000000001500000000000001161000000113366749000107000000000000155400000000000000000000016464104220120180089002330000077500000010002077500000
000000020110926614530120181012002103296700000003301010010000000000000180000000000000141000000107061706000293000000000000155400000000000000000000016466804230120180089002330000077500000010002077500000
000000020210926614530120181012002103296700000000000000000000000000000180000000000000130000000088624242000105000000000000155400000000000000000000016469004230120180000000000000000000000000000000000000
000000020310926614530120181012002103296700000003301010010000000000001080000000000000841000000107013020000146000000000000155400000000000000000000016469404230120180089002330000077500000010002077500000
000000020410926614530120181012002103296700000000000000000000000000000360000000000000280000000000000000000000000000000000155400000000000000000000016469604230120180000000000000000000000000000000000000
000000020510926614530120181012002103296700000000000000000000000000002160000000000001870000000002036483000290000000000000155400000000000000000000016469704230120180000000000000000000000000000000000000
000000020610926614530120181012002103296700000003301010010000000000000500000000000000391000000104850238000167000000000000155400000000000000000000016470804230120180089002330000077500000010002077500000
000000020710926614530120181012002103296700000003301010010000000000001980000000000001531000000190050238000114000000000000155400000000000000000000016472004230120180089002330000077500000010002077500000
000000020810926614530120181012002103296700000000000000000000000000002000000000000001400000000012564008000160000000000000155400000000000000000000016473804230120180000000000000000000000000000000000000
000000020910926614530120181012002103296700000003302010030000000000002000000000000001731000000193903755000187000814624512155400000000000000000000016474004230120180089002330000086500000010002086500000
000000021010926614530120181012002103296700000003301010010000000000002000000000000001551000000103414477000101000000000000155400000000000000000000016474104230120180089002330000077500000010002077500000
000000021110926614530120181012002103296700000000000000000000000000004000000000000003150000000001844768000104000000000000155400000000000000000000016477004240120180000000000000000000000000000000000000
000000021210926614530120181012002103296700000000000000000000000000001000000000000000700000000089326524000180000000000000155400000000000000000000016479404240120180000000000000000000000000000000000000
000000021310926614530120181012002103296700000000000000000000000000001000000000000000790000000074140831000103000000000000155400000000000000000000016479804240120180000000000000000000000000000000000000
000000021410926614530120181012002103296700000000000000000000000000000180000000000000140000000003024502000140000000000000155400000000000000000000016480804240120180000000000000000000000000000000000000
000000021510926614530120181012002103296700000000000000000000000000000500000000000000400000000087827457000314000000000000155400000000000000000000016482004240120180000000000000000000000000000000000000
000000021610926614530120181012002103296700000000000000000000000000009970000000000008680000000008946415000164000000000000155400000000000000000000016482904240120180000000000000000000000000000000000000
000000021710926614530120181012002103296700000003301010010000000000000600000000000000461000000192661453000268000799447415155400000000000000000000016479204240120180089002330000077500000010002077500000
000000021810926614530120181012002103296700000000000000000000000000001140000000000000900000000092661453000268000799447415155400000000000000000000016479204240120180000000000000000000000000000000000000
000000021910926614530120181012002103296700000003301010050000000000000600000000000000421000000192661453000268000799447415155400000000000000000000016479204240120180089002330000070333000010002070333300
000000022010926614530120181012002103296700000000000000000000000000010000000000000007730000000090854308000359000000000000155400000000000000000000016484604250120180000000000000000000000000000000000000
000000022110926614530120181012002103296700000000000000000000000000002000000000000001400000000000000000000000000000000000155400000000000000000000016485604250120180000000000000000000000000000000000000
000000022210926614530120181012002103296700000003301010010000000000006000000000000004651000000192787050000189000000000000155400000000000000000000016487104250120180089002330000077500000010002077500000
000000022310926614530120181012002103296700000000000000000000000000002000000000000001400000000097169338000103000000000000155400000000000000000000016487204250120180000000000000000000000000000000000000
000000022410926614530120181012002103296700000003301010010000000000002000000000000001551000000172219603000190000000000000155400000000000000000000016487804250120180089002330000077500000010002077500000
000000022510926614530120181012002103296700000003302010030000000000002000000000000001731000000172219603000190000000000000155400000000000000000000016487804250120180089002330000086500000010002086500000
000000022610926614530120181012002103296700000003302010020000000000004000000000000003481000000105433422000174000000000000155400000000000000000000016487904250120180089002330000087000000010002087000000
000000022710926614530120181012002103296700000000000000000000000000004000000000000002800000000003934196000180000000000000155400000000000000000000016488104250120180000000000000000000000000000000000000
000000022810926614530120181012002103296700000003302010030000000000002000000000000001731000000191495499000100000789328330155400000000000000000000016488504250120180089002330000086500000010002086500000
000000022910926614530120181012002103296700000003301010010000000000002000000000000001551000000173321655000135000846318121155400000000000000000000016488804250120180089002330000077500000010002077500000
000000023010926614530120181012002103296700000003301010010000000000002200000000000001711000000103253645000124000000000000155400000000000000000000016490604250120180089002330000077500000010002077500000
000000023110926614530120181012002103296700000003301010050000000000006000000000000004351000000109461855000194000000000000155400000000000000000000016491404250120180089002330000072500000010002072500000
000000023210926614530120181012002103296700000003301010010000000000002000000000000001551000000113786139000154000000000000155400000000000000000000016492804260120180089002330000077500000010002077500000
000000023310926614530120181012002103296700000003301010020000000000000400000000000000281000000100000000000000000000000000155400000000000000000000016494004260120180089002330000070000000010002070000000
000000023410926614530120181012002103296700000003302010030000000000012000000000000010381000000187288940000297000793828330155400000000000000000000016494604260120180089002330000086500000010002086500000
000000023510926614530120181012002103296700000003302010030000000000012000000000000010381000000187288940000297000793828330155400000000000000000000016494704260120180089002330000086500000010002086500000
000000023610926614530120181012002103296700000000000000000000000000000500000000000000400000000005557506000110000000000000155400000000000000000000016495304260120180000000000000000000000000000000000000
000000023710926614530120181012002103296700000000000000000000000000002000000000000001400000000093110195000103000814620622155400000000000000000000016497504260120180000000000000000000000000000000000000
000000023810926614530120181012002103296700000000000000000000000000000180000000000000160000000075493577000181000843020711155400000000000000000000016498704260120180000000000000000000000000000000000000
000000023910926614530120181012002103296700000000000000000000000000001000000000000000700000000020743591000102000000000000155400000000000000000000016498804290120180000000000000000000000000000000000000
000000024010926614530120181012002103296700000003302010030000000000002000000000000001731000000197275952000150000741628330155400000000000000000000016498904290120180089002330000086500000010002086500000
000000024110926614530120181012002103296700000003301010010000000000000180000000000000141000000194473485000184000000000000155400000000000000000000016500904290120180089002330000077500000010002077500000
000000024210926614530120181012002103296700000003302010030000000000002000000000000001731000000128347176000133000000000000155400000000000000000000016501804290120180089002330000086500000010002086500000
000000024310926614530120181012002103296700000000000000000000000000003000000000000002100000000000000000000000000000000000155400000000000000000000016502604290120180000000000000000000000000000000000000
000000024410926614530120181012002103296700000003301010050000000000002000000000000001451000000102487863000160000766728232155400000000000000000000016504004290120180089002330000072300000010002072300000
000000024510926614530120181012002103296700000000000000000000000000009970000000000008680000000093861607000147000000000000155400000000000000000000016505104290120180000000000000000000000000000000000000
000000024610926614530120181012002103296700000003301010010000000000002000000000000001551000000117353713000131000000000000155400000000000000000000016507004300120180089002330000077500000010002077500000
000000024710926614530120181011001103296700000000000000000000000000046590000000000040300000000000000000000000000000000000155400000000000000000000003772900300120180000000000000000000000000000000000000
000000024810926614530120181012002103296700000003301010050000000000002000000000000001451000000117353713000131000000000000155400000000000000000000016507004300120180089002330000072500000010002072500000
000000024910926614530120181012002103296700000000000000000000000000000900000000000000710000000092697093000173000799449213155400000000000000000000016507304300120180000000000000000000000000000000000000
000000025010926614530120181012002103296700000003301010010000000000000500000000000000391000000103253645000124000000000000155400000000000000000000016508604300120180089002330000077500000010002077500000
000000025110926614530120181012002103296700000003301010010000000000000900000000000000701000000128378070000105000000000000155400000000000000000000016509204300120180089002330000077500000010002077500000
000000025210926614530120181012002103296700000003302010030000000000002000000000000001731000000110680161000127000000000000155400000000000000000000016509704300120180089002330000086500000010002086500000
000000025310926614530120181012002103296700000000000000000000000000002000000000000001580000000087235172000122000000000000155400000000000000000000016510804300120180000000000000000000000000000000000000
000000025410926614530120181012002103296700000003301010020000000000005000000000000003461000000117165071000147000000000000155400000000000000000000016512104300120180089002330000069100000010002069100000
000000025510926614530120181012002103296700000003302010030000000000002000000000000001731000000128347176000133000000000000155400000000000000000000016513904310120180089002330000086500000010002086500000
000000025610926614530120181012002103296700000003302010030000000000000500000000000000431000000100652844000117000000000000155400000000000000000000016515304310120180089002330000086500000010002086500000
000000025710926614530120181012002103296700000003301010020000000000000400000000000000281000000100000000000000000000000000155400000000000000000000016516404310120180089002330000070000000010002070000000
000000025810926614530120181012002103296700000003302010030000000000000400000000000000351000000191495499000453000000000000155400000000000000000000016516504310120180089002330000086500000010002086500000
000000025910926614530120181012002103296700000000000000000000000000001000000000000000780000000091495499000100000789328330155400000000000000000000016516604310120180000000000000000000000000000000000000
000000026010926614530120181012002103296700000003301010010000000000004000000000000003101000000172219603000190000000000000155400000000000000000000016516804310120180089002330000077500000010002077500000
000000026110926614530120181012002103296700000003302010030000000000002000000000000001731000000172219603000190000000000000155400000000000000000000016516804310120180089002330000086500000010002086500000
000000026210926614530120181012002103296700000003302010020000000000002000000000000001741000000105433422000174000000000000155400000000000000000000016516904310120180089002330000087000000010002087000000
000000026310926614530120181012002103296700000003301010010000000000001860000000000001441000000191722769000179000774446729155400000000000000000000016517204310120180089002330000077500000010002077500000
000000026410926614530120181012002103296700000000000000000000000000001500000000000001190000000089460331000118000000000000155400000000000000000000016517804310120180000000000000000000000000000000000000
000000026510926614530120181012002103296700000000000000000000000000009970000000000008680000000093861607000147000000000000155400000000000000000000016518904310120180000000000000000000000000000000000000
000000026610926614530120181012002103296700000003301010010000000000003600000000000002801000000102576187000100000000000000155400000000000000000000016519204310120180089002330000077500000010002077500000
000000026710926614530120181012002103296700000003301010050000000000004000000000000002901000000109276894000111000000000000155400000000000000000000016519304310120180089002330000072500000010002072500000
000000026810926614530120181012002103296700000000000000000000000000000720000000000000510000000096735162000147000814622196155400000000000000000000016519804310120180000000000000000000000000000000000000
000000026910926614530120181012002103296700000000000000000000000000000200000000000000160000000092782366000188000774825993155400000000000000000000016519904310120180000000000000000000000000000000000000
0000000270109266145301201810120021032967000000000000000000000000000020000000000000014000000000043809950001140000000000001554000000000000000000000165200043101201800000000000000000000