000000000010926614530120080000309
000000000110926614530120083010003103296700000003302010020000000000139090000000000106591000000100000000000000000000000000155400000000000000000000000000000010120080089002330000110000000010002110000000
000000000210926614530120083020003103296700000003302010020000000000114020000000000085201000000100000000000000000000000000155400000000000000000000000000000310120080089002330000110000000010002110000000
000000000310926614530120084011998103296700000003302010020000000000374440000000000324421000000100000000000000000000000000155400000000000000000000000000000310120080089002330000086640000010002086640000
000000000410926614530120081011998103296700000003302010020000000000374440000000000324421000000100000000000000000000000000155400000000000000000000000000000310120080089002330000086640000010002086640000
000000000510926614530120084012998103296700000003302010020000000000399510000000000345811000000100000000000000000000000000155400000000000000000000000000000310120080089002330000086640000010002086640000
000000000610926614530120081012998103296700000003302010020000000000126180000000000109531000000100000000000000000000000000155400000000000000000000000000000310120080089002330000086640000010002086640000
000000000710926614530120081022003103296700000003302010020000000000273330000000000236281000000100000000000000000000000000155400000000000000000000000000000310120080089002330000086640000010002086640000
000000000810926614530120081022998103296700000003302010020000000000273330000000000236281000000100000000000000000000000000155400000000000000000000000000000310120080089002330000086640000010002086640000
000000000910926614530120083010003103296700000003302010030000000000181530000000000157301000000100000000000000000000000000155400000000000000000000000000000010120080089002330000086650000010002086650000
000000001010926614530120083020003103296700000003302010030000000000063740000000000055241000000100000000000000000000000000155400000000000000000000000000000310120080089002330000086650000010002086650000
000000001110926614530120084011998103296700000003302010030000000000328000000000000284221000000100000000000000000000000000155400000000000000000000000000000310120080089002330000086650000010002086650000
000000001210926614530120081011998103296700000003302010030000000000328000000000000284221000000100000000000000000000000000155400000000000000000000000000000310120080089002330000086650000010002086650000
000000001310926614530120084012998103296700000003302010030000000000445790000000000386281000000100000000000000000000000000155400000000000000000000000000000310120080089002330000086650000010002086650000
000000001410926614530120081012998103296700000003302010030000000000390300000000000338201000000100000000000000000000000000155400000000000000000000000000000310120080089002330000086650000010002086650000
000000001510926614530120081022003103296700000003302010030000000000055490000000000048081000000100000000000000000000000000155400000000000000000000000000000310120080089002330000086650000010002086650000
000000001610926614530120081022998103296700000003302010030000000000055490000000000048081000000100000000000000000000000000155400000000000000000000000000000310120080089002330000086650000010002086650000
000000001710926614530120083010003103296700000004101020010000000000037420000000000029671000000100000000000000000000000000155400000000000000000000000000000010120080089002330000079060000010002079060000
000000001810926614530120083020003103296700000004101020010000000000031850000000000025241000000100000000000000000000000000155400000000000000000000000000000310120080089002330000079060000010002079060000
000000001910926614530120084011998103296700000004101020010000000000000130000000000000081000000100000000000000000000000000155400000000000000000000000000000310120080089002330000079060000010002079060000
000000002010926614530120081011998103296700000004101020010000000000000130000000000000081000000100000000000000000000000000155400000000000000000000000000000310120080089002330000079060000010002079060000
000000002110926614530120084012998103296700000004101020010000000000005700000000000004511000000100000000000000000000000000155400000000000000000000000000000310120080089002330000079060000010002079060000
000000002210926614530120081012998103296700000004101020010000000000005700000000000004511000000100000000000000000000000000155400000000000000000000000000000310120080089002330000079060000010002079060000
000000002310926614530120081011999103296700000004101020010000000000000130000000000000081000000100000000000000000000000000155400000000000000000000000000000310120080089002330000079060000010002079060000
000000002410926614530120083010003103296700000003301010010000000000106900000000000083801000000100000000000000000000000000155400000000000000000000000000000010120080089002330000078470000010002078470000
000000002510926614530120083020003103296700000003301010010000000000058660000000000045811000000100000000000000000000000000155400000000000000000000000000000310120080089002330000078470000010002078470000
000000002610926614530120084011998103296700000003301010010000000000100000000000000078471000000100000000000000000000000000155400000000000000000000000000000310120080089002330000078470000010002078470000
000000002710926614530120081011998103296700000003301010010000000000100000000000000078471000000100000000000000000000000000155400000000000000000000000000000310120080089002330000078470000010002078470000
000000002810926614530120084012998103296700000003301010010000000000148240000000000116461000000100000000000000000000000000155400000000000000000000000000000310120080089002330000078470000010002078470000
000000002910926614530120081012998103296700000003301010010000000000142440000000000107941000000100000000000000000000000000155400000000000000000000000000000310120080089002330000078470000010002078470000
000000003010926614530120081022003103296700000003301010010000000000005800000000000008521000000100000000000000000000000000155400000000000000000000000000000310120080089002330000078470000010002078470000
000000003110926614530120081022998103296700000003301010010000000000005800000000000008521000000100000000000000000000000000155400000000000000000000000000000310120080089002330000078470000010002078470000
000000003210926614530120083010003103296700000003302010080000000000027350000000000023731000000100000000000000000000000000155400000000000000000000000000000010120080089002330000086960000010002086960000
000000003310926614530120083020003103296700000003302010080000000000038920000000000033781000000100000000000000000000000000155400000000000000000000000000000310120080089002330000086960000010002086960000
000000003410926614530120084011998103296700000003302010080000000000029520000000000025611000000100000000000000000000000000155400000000000000000000000000000310120080089002330000086770000010002086770000
000000003510926614530120081011998103296700000003302010080000000000029520000000000025611000000100000000000000000000000000155400000000000000000000000000000310120080089002330000086770000010002086770000
000000003610926614530120084012998103296700000003302010080000000000017950000000000015561000000100000000000000000000000000155400000000000000000000000000000310120080089002330000086770000010002086770000
000000003710926614530120081012998103296700000003302010080000000000005000000000000004351000000100000000000000000000000000155400000000000000000000000000000310120080089002330000086770000010002086770000
000000003810926614530120081022003103296700000003302010080000000000012950000000000011211000000100000000000000000000000000155400000000000000000000000000000310120080089002330000086770000010002086770000
000000003910926614530120081022998103296700000003302010080000000000012950000000000011211000000100000000000000000000000000155400000000000000000000000000000310120080089002330000086770000010002086770000
000000004010926614530120083010003103296700000003301010050000000000127910000000000092961000000100000000000000000000000000155400000000000000000000000000000010120080089002330000072870000010002072870000
000000004110926614530120083020003103296700000003301010050000000000058900000000000042861000000100000000000000000000000000155400000000000000000000000000000310120080089002330000072870000010002072870000
000000004210926614530120084011998103296700000003301010050000000000184380000000000133791000000100000000000000000000000000155400000000000000000000000000000310120080089002330000072560000010002072560000
000000004310926614530120081011998103296700000003301010050000000000184380000000000133791000000100000000000000000000000000155400000000000000000000000000000310120080089002330000072560000010002072560000
000000004410926614530120084012998103296700000003301010050000000000253390000000000183891000000100000000000000000000000000155400000000000000000000000000000310120080089002330000072560000010002072560000
000000004510926614530120081012998103296700000003301010050000000000113540000000000082711000000100000000000000000000000000155400000000000000000000000000000310120080089002330000072560000010002072560000
000000004610926614530120081022003103296700000003301010050000000000139850000000000101181000000100000000000000000000000000155400000000000000000000000000000310120080089002330000072560000010002072560000
000000004710926614530120081022998103296700000003301010050000000000139850000000000101181000000100000000000000000000000000155400000000000000000000000000000310120080089002330000072560000010002072560000
000000004810926614530120083010003103296700000003301010020000000000051930000000000036671000000100000000000000000000000000155400000000000000000000000000000010120080089002330000070620000010002070620000
000000004910926614530120083020003103296700000003301010020000000000005980000000000004221000000100000000000000000000000000155400000000000000000000000000000310120080089002330000070620000010002070620000
000000005010926614530120084011998103296700000003301010020000000000000000000000000000001000000100000000000000000000000000155400000000000000000000000000000310120080089002330000070620000010002070620000
000000005110926614530120081011998103296700000003301010020000000000000000000000000000001000000100000000000000000000000000155400000000000000000000000000000310120080089002330000070620000010002070620000
000000005210926614530120084012998103296700000003301010020000000000045950000000000032451000000100000000000000000000000000155400000000000000000000000000000310120080089002330000070620000010002070620000
000000005310926614530120081012998103296700000003301010020000000000045540000000000032091000000100000000000000000000000000155400000000000000000000000000000310120080089002330000070620000010002070620000
000000005410926614530120081022003103296700000003301010020000000000000410000000000000361000000100000000000000000000000000155400000000000000000000000000000310120080089002330000070620000010002070620000
000000005510926614530120081022998103296700000003301010020000000000000410000000000000361000000100000000000000000000000000155400000000000000000000000000000310120080089002330000070620000010002070620000
000000005610926614530120081012002103296700000003301010050000000000002000000000000001461000000188302591000100000753315211155400000000000000000000008836604020120080089002330000072870000010002072870000
000000005710926614530120081012002103296700000003301010050000000000002000000000000001461000000193126241000162000799420614155400000000000000000000008837104020120080089002330000072870000010002072870000
000000005810926614530120081012002103296700000003302010080000000000002000000000000001741000000193360162000111000750220738155400000000000000000000008837304020120080089002330000086960000010002086960000
000000005910926614530120081012002103296700000003301010010000000000001000000000000000791000000193126241000162000799420614155400000000000000000000008838304020120080089002330000078920000010002078920000
000000006010926614530120081012002103296700000003301010010000000000000660000000000000471000000187237731000133000799446729155400000000000000000000008838804020120080089002330000071000000010002071000000
000000006110926614530120081012002103296700000003301010050000000000000900000000000000661000000187237731000133000799446729155400000000000000000000008838804020120080089002330000072870000010002072870000
000000006210926614530120081012002103296700000003302010030000000000002000000000000001731000000103809754000185000755420517155400000000000000000000008838904020120080089002330000086650000010002086650000
000000006310926614530120081012002103296700000003302010030000000000002000000000000001731000000192865674000177000756645200155400000000000000000000008839504020120080089002330000086650000010002086650000
000000006410926614530120081012002103296700000003302010030000000000001000000000000000871000000192752468000150000774828330155400000000000000000000008840704030120080089002330000086660000010002086660000
000000006510926614530120081012002103296700000003301010050000000000004000000000000002911000000193976306000169000818020291155400000000000000000000008840904030120080089002330000072870000010002072870000
000000006610926614530120081012002103296700000003301010010000000000003720000000000002641000000188582481000131000771947415155400000000000000000000008842004030120080089002330000071000000010002071000000
000000006710926614530120081012002103296700000003301010050000000000002000000000000001461000000188611835000129000756629301155400000000000000000000008842404030120080089002330000072870000010002072870000
000000006810926614530120081012002103296700000003302010030000000000002000000000000001731000000192910405000185000799431012155400000000000000000000008842604030120080089002330000086650000010002086650000
000000006910926614530120081012002103296700000003302010030000000000002000000000000001731000000192544196000101000776728330155400000000000000000000008842804030120080089002330000086650000010002086650000
000000007010926614530120081012002103296700000003302010030000000000001000000000000000871000000100702802000143000810528330155400000000000000000000008842904030120080089002330000086660000010002086660000
000000007110926614530120081012002103296700000003301010050000000000002000000000000001461000000193899359000123000828827511155400000000000000000000008843004030120080089002330000072870000010002072870000
000000007210926614530120081012002103296700000003301010010000000000000900000000000000641000000107840977000166000756647130155400000000000000000000008843404030120080089002330000071000000010002071000000
000000007310926614530120081012002103296700000003302010020000000000004000000000000003471000000104405220000237000756020193155400000000000000000000008843704030120080089002330000086800000010002086800000
000000007410926614530120081012002103296700000003302010030000000000004000000000000003471000000104405220000237000756020193155400000000000000000000008843704030120080089002330000086650000010002086650000
000000007510926614530120081012002103296700000003301010010000000000005400000000000003831000000183478610000122000848347890155400000000000000000000008843904030120080089002330000071000000010002071000000
000000007610926614530120081012002103296700000003302010020000000000004000000000000003471000000193976306000169000818020291155400000000000000000000008845904040120080089002330000086800000010002086800000
000000007710926614530120081012002103296700000003301010010000000000001000000000000000791000000106152454000164000799420631155400000000000000000000008846904040120080089002330000078920000010002078920000
000000007810926614530120081012002103296700000003302010030000000000001000000000000000871000000106152454000164000799420631155400000000000000000000008846904040120080089002330000086660000010002086660000
000000007910926614530120081012002103296700000003301010050000000000002000000000000001461000000104654447000488000756627104155400000000000000000000008847404040120080089002330000072870000010002072870000
000000008010926614530120081012002103296700000003301010010000000000002160000000000001531000000194684404000195000824546729155400000000000000000000008847504040120080089002330000071000000010002071000000
000000008110926614530120081012002103296700000004101020010000000000000180000000000000141000000194684404000195000824546729155400000000000000000000008847504040120080089002330000079000000010002079000000
000000008210926614530120081012002103296700000003302010030000000000010000000000000008661000000108338687000181000756620711155400000000000000000000008847604040120080089002330000086650000010002086650000
000000008310926614530120081012002103296700000003302010030000000000002000000000000001731000000106914398000158000753320291155400000000000000000000008849604070120080089002330000086650000010002086650000
000000008410926614530120081012002103296700000003302010030000000000004000000000000003471000000197275952000150000741628330155400000000000000000000008850504070120080089002330000086650000010002086650000
000000008510926614530120081012002103296700000003301010050000000000000540000000000000391000000104979039000153000818022293155400000000000000000000008850704070120080089002330000072870000010002072870000
000000008610926614530120081012002103296700000003301010050000000000002000000000000001461000000188611835000129000756629301155400000000000000000000008851204070120080089002330000072870000010002072870000
000000008710926614530120081012002103296700000003301010050000000000004000000000000002911000000191704981000103000742125993155400000000000000000000008851504070120080089002330000072870000010002072870000
000000008810926614530120081012002103296700000003301010010000000000000360000000000000261000000107176206000116000828845412155400000000000000000000008852704070120080089002330000071000000010002071000000
000000008910926614530120081012002103296700000003302010030000000000002000000000000001731000000175493577000181000843020711155400000000000000000000008853204070120080089002330000086650000010002086650000
000000009010926614530120081012002103296700000003301010010000000000002000000000000001581000000108791137000113000774416293155400000000000000000000008856704080120080089002330000078970000010002078970000
000000009110926614530120081012002103296700000003302010020000000000002000000000000001741000000106914398000158000753320291155400000000000000000000008856904080120080089002330000086800000010002086800000
000000009210926614530120081012002103296700000003302010030000000000002000000000000001731000000192544196000101000776728330155400000000000000000000008857304080120080089002330000086650000010002086650000
000000009310926614530120081012002103296700000003301010010000000000001000000000000000791000000191506550000132000751718211155400000000000000000000008857704080120080089002330000078920000010002078920000
000000009410926614530120081012002103296700000003301010010000000000005700000000000004051000000105653450000105000782320711155400000000000000000000008857804080120080089002330000071000000010002071000000
000000009510926614530120081012002103296700000003301010050000000000002000000000000001461000000187296778000178000782315106155400000000000000000000008858004080120080089002330000072870000010002072870000
000000009610926614530120081012002103296700000003302010030000000000004000000000000003471000000187296778000178000782315106155400000000000000000000008858004080120080089002330000086650000010002086650000
000000009710926614530120081012002103296700000003302010030000000000002000000000000001731000000107931883000100000746617338155400000000000000000000008858104080120080089002330000086650000010002086650000
000000009810926614530120081012002103296700000003301010010000000000003600000000000002561000000105653450000288000807920711155400000000000000000000008859204080120080089002330000071000000010002071000000
000000009910926614530120081012002103296700000003301010050000000000002000000000000001461000000193126241000162000799420614155400000000000000000000008860204080120080089002330000072870000010002072870000
000000010010926614530120081012002103296700000003301010050000000000000180000000000000131000000100000000000000000000000000155400000000000000000000008860504080120080089002330000072867000010002072866700
000000010110926614530120081012002103296700000000000000000000000000001000000000000000870000000002491687000130000756628232155400000000000000000000008860904080120080000000000000000000000000000000000000
000000010210926614530120081012002103296700000003302010020000000000002000000000000001741000000102491687000130000756628232155400000000000000000000008860904080120080089002330000086800000010002086800000
000000010310926614530120081012002103296700000003301010050000000000000660000000000000481000000192661453000268000799447415155400000000000000000000008855804080120080089002330000072870000010002072870000
000000010410926614530120081012002103296700000003301010020000000000002000000000000001411000000193976306000169000818020291155400000000000000000000008861604090120080089002330000070620000010002070620000
000000010510926614530120081011001103296710362853302010020000000000157280000000000136271000000188948492000192000825820991155400000000000000000000041974004090120080089002330000086640000010002086640000
000000010610926614530120081012002103296700000003302010020000000000002000000000000001741000000193976306000169000818020291155400000000000000000000008861604090120080089002330000086800000010002086800000
000000010710926614530120081012002103296700000003301010010000000000001000000000000000791000000108598850000145000774877322155400000000000000000000008861704090120080089002330000078920000010002078920000
000000010810926614530120081012002103296700000003302010030000000000020000000000000017331000000188941125000248000818024512155400000000000000000000008862404090120080089002330000086650000010002086650000
000000010910926614530120081012002103296700000003302010020000000000004000000000000003471000000102491687000130000756628232155400000000000000000000008863004090120080089002330000086800000010002086800000
000000011010926614530120081012002103296700000003301010050000000000000900000000000000661000000104754028000175000850722293155400000000000000000000008863804090120080089002330000072867000010002072866700
000000011110926614530120081012002103296700000003301010010000000000002880000000000002051000000198586688000138000828847415155400000000000000000000008864804090120080089002330000071000000010002071000000
000000011210926614530120081012002103296700000003301010010000000000001860000000000001321000000102232002000131000852147415155400000000000000000000008865304090120080089002330000071000000010002071000000
000000011310926614530120081012002103296700000003301010050000000000002000000000000001461000000103483185000120000852128330155400000000000000000000008865404090120080089002330000072870000010002072870000
000000011410926614530120081012002103296700000003302010030000000000001000000000000000871000000192752468000150000774828330155400000000000000000000008865904090120080089002330000086660000010002086660000
000000011510926614530120081012002103296700000003302010020000000000010000000000000008681000000190233826000193000756615106155400000000000000000000008866004090120080089002330000086800000010002086800000
000000011610926614530120081012002103296700000003301010010000000000003900000000000002771000000106925014000100000756647415155400000000000000000000008866504090120080089002330000071000000010002071000000
000000011710926614530120081012002103296700000003301010020000000000004000000000000002821000000104083190000109000756620711155400000000000000000000008867204090120080089002330000070620000010002070620000
000000011810926614530120081012002103296700000003301010010000000000002000000000000001581000000106914398000158000753320291155400000000000000000000008868804100120080089002330000078970000010002078970000
000000011910926614530120081012002103296700000003301010010000000000000540000000000000381000000108512257000134000815147440155400000000000000000000008869004100120080089002330000071000000010002071000000
000000012010926614530120081012002103296700000003301010010000000000004560000000000003231000000190378985000267000795347415155400000000000000000000008869404100120080089002330000071000000010002071000000
000000012110926614530120081012002103296700000003302010030000000000002000000000000001731000000192544196000101000776728330155400000000000000000000008869504100120080089002330000086650000010002086650000
000000012210926614530120081012002103296700000003302010030000000000030000000000000026001000000187288940000297000793828330155400000000000000000000008869604100120080089002330000086650000010002086650000
000000012310926614530120081012002103296700000003301010050000000000002000000000000001461000000102487863000160000766728232155400000000000000000000008869704100120080089002330000072870000010002072870000
000000012410926614530120081012002103296700000003301010050000000000000360000000000000261000000104979039000153000818022293155400000000000000000000008870104100120080089002330000072870000010002072870000
000000012510926614530120081012002103296700000003302010020000000000004000000000000003471000000193976306000169000818020291155400000000000000000000008872804110120080089002330000086800000010002086800000
000000012610926614530120081011001103296710362853301010050000000000127780000000000092721000000188948492000192000825820991155400000000000000000000042002104110120080089002330000072560000010002072560000
000000012710926614530120081012002103296700000003302010030000000000002000000000000001731000000191495499000100000789328330155400000000000000000000008873204110120080089002330000086650000010002086650000
000000012810926614530120081011001103296710362853302010080000000000029520000000000025611000000188948492000192000825820991155400000000000000000000042002204110120080089002330000086770000010002086770000
000000012910926614530120081012002103296700000003301010050000000000002000000000000001461000000190295338000100000828825993155400000000000000000000008873304110120080089002330000072870000010002072870000
000000013010926614530120081012002103296700000003301010010000000000000840000000000000591000000194616026000102000824547423155400000000000000000000008873504110120080089002330000071000000010002071000000
000000013110926614530120081012002103296700000004101020010000000000000360000000000000281000000194616026000102000824547423155400000000000000000000008873504110120080089002330000079000000010002079000000
000000013210926614530120081012002103296700000003302010020000000000002000000000000001741000000102491687000130000756628232155400000000000000000000008873604110120080089002330000086800000010002086800000
000000013310926614530120081012002103296700000003302010030000000000001000000000000000871000000106066954000183000822428313155400000000000000000000008873804110120080089002330000086660000010002086660000
000000013410926614530120081012002103296700000003301010050000000000002000000000000001461000000104654447000488000756627104155400000000000000000000008874004110120080089002330000072870000010002072870000
000000013510926614530120081012002103296700000003301010020000000000002000000000000001411000000191889600000108000769620991155400000000000000000000008874104110120080089002330000070620000010002070620000
000000013610926614530120081012002103296700000003302010030000000000002000000000000001731000000175493577000181000843020711155400000000000000000000008874204110120080089002330000086650000010002086650000
000000013710926614530120081012002103296700000003301010050000000000000540000000000000391000000195791133000130000835777217155400000000000000000000008874404110120080089002330000072867000010002072866700
000000013810926614530120081012002103296700000003302010030000000000004000000000000003471000000107931883000100000746617338155400000000000000000000008875404110120080089002330000086650000010002086650000
000000013910926614530120081012002103296700000003302010030000000000002000000000000001731000000187546552000188000746631021155400000000000000000000008875604110120080089002330000086650000010002086650000
000000014010926614530120081012002103296700000003301010050000000000000180000000000000131000000190256819000107000824546729155400000000000000000000008876204110120080089002330000071000000010002071000000
000000014110926614530120081012002103296700000004101020010000000000001260000000000001001000000190256819000107000824546729155400000000000000000000008876204110120080089002330000079000000010002079000000
000000014210926614530120081012002103296700000003301010050000000000000720000000000000521000000187237731000133000799446729155400000000000000000000008877004140120080089002330000072870000010002072870000
000000014310926614530120081012002103296700000003301010050000000000004000000000000002911000000188611835000129000756629301155400000000000000000000008879004140120080089002330000072870000010002072870000
000000014410926614530120081012002103296700000003301010010000000000002000000000000001581000000104010746000137000814620711155400000000000000000000008879104140120080089002330000078970000010002078970000
000000014510926614530120081012002103296700000003302010030000000000002000000000000001731000000104010746000137000814620711155400000000000000000000008879104140120080089002330000086650000010002086650000
000000014610926614530120081012002103296700000003302010030000000000014000000000000012131000000104654447000488000756627104155400000000000000000000008879304140120080089002330000086650000010002086650000
000000014710926614530120081012002103296700000003301010050000000000000720000000000000521000000104979039000153000818022293155400000000000000000000008879604140120080089002330000072870000010002072870000
000000014810926614530120081012002103296700000003301010010000000000004000000000000003161000000175493577000181000843020711155400000000000000000000008880004140120080089002330000078970000010002078970000
000000014910926614530120081012002103296700000003301010010000000000006000000000000004741000000107612050000179000870099999155400000000000000000000008880104140120080089002330000078970000010002078970000
000000015010926614530120081012002103296700000003301010010000000000010000000000000007901000000104010746000137000814620711155400000000000000000000008882804150120080089002330000078970000010002078970000
000000015110926614530120081012002103296700000003302010020000000000004000000000000003471000000104010746000137000814620711155400000000000000000000008882804150120080089002330000086800000010002086800000
000000015210926614530120081012002103296700000003302010030000000000002000000000000001731000000104010746000137000814620711155400000000000000000000008882804150120080089002330000086650000010002086650000
000000015310926614530120081012002103296700000003301010050000000000002000000000000001461000000106914398000158000753320291155400000000000000000000008883504150120080089002330000072870000010002072870000
000000015410926614530120081012002103296700000003302010030000000000002000000000000001731000000189901771000163000818125993155400000000000000000000008883604150120080089002330000086650000010002086650000
000000015510926614530120081012002103296700000003302010030000000000002000000000000001731000000192544196000101000776728330155400000000000000000000008884404150120080089002330000086650000010002086650000
000000015610926614530120081012002103296700000003301010010000000000002000000000000001581000000194741436000185000788947415155400000000000000000000008884504150120080089002330000078970000010002078970000
000000015710926614530120081012002103296700000003302010030000000000002000000000000001731000000188363775000334000749728330155400000000000000000000008886904150120080089002330000086650000010002086650000
000000015810926614530120081012002103296700000003302010020000000000010000000000000008661000000188052642000185000774820991155400000000000000000000008887204150120080089002330000086640000010002086640000
000000015910926614530120081012002103296700000003301010050000000000001000000000000000731000000103705616000156000750225438155400000000000000000000008888004160120080089002330000072870000010002072870000
000000016010926614530120081011001103296710362853302010030000000000159060000000000137831000000188948492000192000825820991155400000000000000000000042065904160120080089002330000086650000010002086650000
000000016110926614530120081012002103296700000000000000000000000000001000000000000000710000000002027575000123000753320291155400000000000000000000008888904160120080000000000000000000000000000000000000
000000016210926614530120081012002103296700000003302010030000000000002000000000000001731000000190292970000109000753325993155400000000000000000000008889704160120080089002330000086650000010002086650000
000000016310926614530120081012002103296700000003302010030000000000001000000000000000871000000100702802000143000810528330155400000000000000000000008890104160120080089002330000086660000010002086660000
000000016410926614530120081012002103296700000003301010010000000000001000000000000000791000000191777078000172000753346478155400000000000000000000008890304160120080089002330000078920000010002078920000
000000016510926614530120081012002103296700000003301010020000000000004000000000000002821000000193976306000169000818020291155400000000000000000000008890604160120080089002330000070620000010002070620000
000000016610926614530120081012002103296700000003302010020000000000002000000000000001741000000193976306000169000818020291155400000000000000000000008890604160120080089002330000086800000010002086800000
000000016710926614530120081012002103296700000003301010020000000000002000000000000001411000000191952978000109000791822293155400000000000000000000008891204160120080089002330000070620000010002070620000
000000016810926614530120081012002103296700000003302010030000000000002000000000000001731000000175493577000181000843020711155400000000000000000000008891304160120080089002330000086650000010002086650000
000000016910926614530120081012002103296700000003301010050000000000000900000000000000661000000104754028000175000850722293155400000000000000000000008891504160120080089002330000072867000010002072866700
000000017010926614530120081012002103296700000003301010050000000000002000000000000001461000000188611835000129000756629301155400000000000000000000008891604160120080089002330000072870000010002072870000
000000017110926614530120081012002103296700000003302010030000000000001000000000000000871000000192752468000150000774828330155400000000000000000000008893304160120080089002330000086660000010002086660000
000000017210926614530120081012002103296700000003301010010000000000002220000000000001681000000192661453000268000799447415155400000000000000000000008889904160120080089002330000071000000010002071000000
000000017310926614530120081012002103296700000004101020010000000000000360000000000000301000000192661453000268000799447415155400000000000000000000008889904160120080089002330000083884000010002083884400
000000017410926614530120081012002103296700000003302010030000000000000300000000000000261000000192661453000268000799447415155400000000000000000000008889904160120080089002330000086650000010002086650000
000000017510926614530120081012002103296700000003301010020000000000004000000000000002821000000103275793000140000791820991155400000000000000000000008893704170120080089002330000070620000010002070620000
000000017610926614530120081012002103296700000003302010030000000000002000000000000001731000000103275793000140000791820991155400000000000000000000008893704170120080089002330000086650000010002086650000
000000017710926614530120081012002103296700000003302010030000000000002000000000000001731000000192865674000177000756645200155400000000000000000000008894504170120080089002330000086650000010002086650000
000000017810926614530120081012002103296700000003301010050000000000002000000000000001461000000188611835000129000756629301155400000000000000000000008894804170120080089002330000072870000010002072870000
000000017910926614530120081012002103296700000003302010030000000000002000000000000001731000000192544196000101000776728330155400000000000000000000008895004170120080089002330000086650000010002086650000
000000018010926614530120081012002103296700000003302010030000000000030000000000000026001000000187288940000297000793828330155400000000000000000000008895104170120080089002330000086650000010002086650000
000000018110926614530120081012002103296700000003301010050000000000001440000000000001051000000189463822000112000756645111155400000000000000000000008895304170120080089002330000072870000010002072870000
000000018210926614530120081012002103296700000003302010020000000000002000000000000001741000000102491687000130000756628232155400000000000000000000008895404170120080089002330000086800000010002086800000
000000018310926614530120081012002103296700000003302010030000000000010000000000000008661000000102588815000169000848825438155400000000000000000000008896004170120080089002330000086650000010002086650000
000000018410926614530120081012002103296700000003301010010000000000002000000000000001581000000107281492000180000835720711155400000000000000000000008896204170120080089002330000078970000010002078970000
000000018510926614530120081012002103296700000003301010050000000000002000000000000001461000000193785822000106000756629301155400000000000000000000008898504170120080089002330000072870000010002072870000
000000018610926614530120081012002103296700000003302010020000000000002000000000000001741000000106914398000158000753320291155400000000000000000000008898704170120080089002330000086800000010002086800000
000000018710926614530120081012002103296700000003301010050000000000004000000000000002911000000193976306000169000818020291155400000000000000000000008898804170120080089002330000072870000010002072870000
000000018810926614530120081012002103296700000003302010020000000000004000000000000003471000000193976306000169000818020291155400000000000000000000008898804170120080089002330000086800000010002086800000
000000018910926614530120081012002103296700000003302010020000000000010000000000000008681000000190233826000193000756615106155400000000000000000000008899404170120080089002330000086800000010002086800000
000000019010926614530120081012002103296700000003302010030000000000002000000000000001731000000190292970000109000753325993155400000000000000000000008900604180120080089002330000086650000010002086650000
000000019110926614530120081011001103296710331823301010010000000000100000000000000078471000000134274233006801000753320991155400000000000000000000000378905180120080089002330000078470000010002078470000
000000019210926614530120081012002103296700000000000000000000000000010000000000000007060000000094661428000129000791820991155400000000000000000000008901204180120080000000000000000000000000000000000000
000000019310926614530120081012002103296700000003301010050000000000002000000000000001461000000104654447000488000756627104155400000000000000000000008902104180120080089002330000072870000010002072870000
000000019410926614530120081012002103296700000003302010030000000000002000000000000001731000000175493577000181000843020711155400000000000000000000008902604180120080089002330000086650000010002086650000
000000019510926614530120081012002103296700000003301010050000000000002000000000000001461000000188302591000100000753315211155400000000000000000000008905204210120080089002330000072870000010002072870000
000000019610926614530120081011001103296710362853302010020000000000157510000000000136471000000188948492000192000825820991155400000000000000000000042113004210120080089002330000086640000010002086640000
000000019710926614530120081012002103296700000003301010010000000000001000000000000000791000000191506550000132000751718211155400000000000000000000008905404210120080089002330000078920000010002078920000
000000019810926614530120081012002103296700000003302010030000000000004000000000000003471000000104010746000137000814620711155400000000000000000000008905704210120080089002330000086650000010002086650000
000000019910926614530120081012002103296700000003301010010000000000002000000000000001581000000104533318000199000743125993155400000000000000000000008906904210120080089002330000078970000010002078970000
000000020010926614530120081012002103296700000003301010050000000000020000000000000014531000000107735144000135000748620991155400000000000000000000008907104210120080089002330000072640000010002072640000
000000020110926614530120081012002103296700000003301010050000000000001000000000000000731000000103705616000156000750225438155400000000000000000000008908904220120080089002330000072870000010002072870000
000000020210926614530120081012002103296700000003301010010000000000002000000000000001581000000102027575000123000753320291155400000000000000000000008909404220120080089002330000078970000010002078970000
000000020310926614530120081012002103296700000003302010030000000000001000000000000000871000000192752468000150000774828330155400000000000000000000008910404220120080089002330000086660000010002086660000
000000020410926614530120081012002103296700000003301010010000000000030000000000000023541000000193110195000103000814620622155400000000000000000000008910504220120080089002330000078470000010002078470000
000000020510926614530120081012002103296700000003302010030000000000002000000000000001731000000192544196000101000776728330155400000000000000000000008911404220120080089002330000086650000010002086650000
000000020610926614530120081012002103296700000003302010020000000000010000000000000008681000000102079656000177000751720291155400000000000000000000008911604220120080089002330000086800000010002086800000
000000020710926614530120081012002103296700000003301010010000000000002000000000000001581000000102463328000170000825047415155400000000000000000000008911804220120080089002330000078970000010002078970000
000000020810926614530120081012002103296700000003301010010000000000000720000000000000511000000179410536000135000837747415155400000000000000000000008913304220120080089002330000071000000010002071000000
000000020910926614530120081012002103296700000003302010030000000000001000000000000000871000000100702802000143000810528330155400000000000000000000008913404220120080089002330000086660000010002086660000
000000021010926614530120081012002103296700000003302010020000000000004000000000000003471000000103275793000140000791820991155400000000000000000000008914104220120080089002330000086800000010002086800000
000000021110926614530120081012002103296700000003301010050000000000000540000000000000391000000104979039000153000818022293155400000000000000000000008914804230120080089002330000072870000010002072870000
000000021210926614530120081012002103296700000003301010020000000000004000000000000002821000000107079525000103000814622293155400000000000000000000008914904230120080089002330000070620000010002070620000
000000021310926614530120081012002103296700000003302010030000000000002000000000000001731000000190292970000109000753325993155400000000000000000000008915404230120080089002330000086650000010002086650000
000000021410926614530120081012002103296700000003302010030000000000004000000000000003471000000192748904000118000774824512155400000000000000000000008916304230120080089002330000086650000010002086650000
000000021510926614530120081012002103296700000003301010050000000000002000000000000001461000000193785822000106000756629301155400000000000000000000008916804230120080089002330000072870000010002072870000
000000021610926614530120081012002103296700000003302010030000000000006000000000000005201000000188363775000334000749728330155400000000000000000000008916904230120080089002330000086650000010002086650000
000000021710926614530120081012002103296700000003301010020000000000004000000000000002821000000104338741000138000791820991155400000000000000000000008917104230120080089002330000070620000010002070620000
000000021810926614530120081012002103296700000003301010010000000000001080000000000000771000000190364589000108000756646729155400000000000000000000008917204230120080089002330000071000000010002071000000
000000021910926614530120081012002103296700000003301010050000000000000900000000000000661000000104754028000175000850722293155400000000000000000000008917904230120080089002330000072867000010002072866700
000000022010926614530120081012002103296700000003301010050000000000002000000000000001461000000103483185000120000852128330155400000000000000000000008918004230120080089002330000072870000010002072870000
000000022110926614530120081012002103296700000003301010010000000000003720000000000002641000000194136686000196000756647415155400000000000000000000008918304230120080089002330000071000000010002071000000
000000022210926614530120081012002103296700000003301010010000000000001680000000000001191000000107840977000166000756647130155400000000000000000000008918504230120080089002330000071000000010002071000000
000000022310926614530120081012002103296700000003301010050000000000002000000000000001461000000192700228000102000799420991155400000000000000000000008919204230120080089002330000072870000010002072870000
000000022410926614530120081012002103296700000003302010030000000000004000000000000003471000000192700228000102000799420991155400000000000000000000008919204230120080089002330000086650000010002086650000
000000022510926614530120081012002103296700000003302010020000000000004000000000000003471000000104010746000137000814620711155400000000000000000000008919404230120080089002330000086800000010002086800000
000000022610926614530120081012002103296700000003302010030000000000002000000000000001731000000104010746000137000814620711155400000000000000000000008919404230120080089002330000086650000010002086650000
000000022710926614530120081012002103296700000003302010030000000000010000000000000008661000000104654447000488000756627104155400000000000000000000008919704230120080089002330000086650000010002086650000
000000022810926614530120081012002103296700000003301010010000000000000780000000000000561000000168846021000166000000000000155400000000000000000000008921104240120080089002330000071000000010002071000000
000000022910926614530120081012002103296700000004101020010000000000000180000000000000141000000168846021000166000000000000155400000000000000000000008921104240120080089002330000079000000010002079000000
000000023010926614530120081012002103296700000003302010020000000000010000000000000008681000000190045865000167000791820991155400000000000000000000008921804240120080089002330000086800000010002086800000
000000023110926614530120081012002103296700000003301010050000000000002000000000000001461000000188611835000129000756629301155400000000000000000000008922504240120080089002330000072870000010002072870000
000000023210926614530120081012002103296700000003301010050000000000002000000000000001461000000188611835000129000756629301155400000000000000000000008922604240120080089002330000072870000010002072870000
000000023310926614530120081012002103296700000003301010050000000000004000000000000002911000000191704981000103000742125993155400000000000000000000008922804240120080089002330000072870000010002072870000
000000023410926614530120081012002103296700000003302010030000000000002000000000000001731000000192544196000101000776728330155400000000000000000000008922904240120080089002330000086650000010002086650000
000000023510926614530120081012002103296700000003302010030000000000020000000000000017331000000187288940000297000793828330155400000000000000000000008923004240120080089002330000086650000010002086650000
000000023610926614530120081012002103296700000003302010030000000000002000000000000001731000000103809754000185000755420517155400000000000000000000008923404240120080089002330000086650000010002086650000
000000023710926614530120081012002103296700000003302010020000000000002000000000000001741000000102491687000130000756628232155400000000000000000000008924304240120080089002330000086800000010002086800000
000000023810926614530120081012002103296700000003301010050000000000000720000000000000521000000108771637000193000837720711155400000000000000000000008924504240120080089002330000072867000010002072866700
000000023910926614530120081012002103296700000003302010020000000000010000000000000008681000000192104199000116000771915297155400000000000000000000008924704240120080089002330000086800000010002086800000
000000024010926614530120081012002103296700000003302010020000000000010000000000000008681000000190233826000193000756615106155400000000000000000000008924904240120080089002330000086800000010002086800000
000000024110926614530120081012002103296700000003302010020000000000004000000000000003471000000193976306000169000818020291155400000000000000000000008925504250120080089002330000086800000010002086800000
000000024210926614530120081011001103296710362853301010050000000000056600000000000041071000000188948492000192000825820991155400000000000000000000042186404250120080089002330000072560000010002072560000
000000024310926614530120081012002103296700000003301010050000000000000540000000000000391000000104979039000153000818022293155400000000000000000000008926404250120080089002330000072870000010002072870000
000000024410926614530120081012002103296700000003301010010000000000000180000000000000131000000108512257000134000815147440155400000000000000000000008926504250120080089002330000071000000010002071000000
000000024510926614530120081012002103296700000003301010050000000000002000000000000001461000000188611835000129000756629301155400000000000000000000008926604250120080089002330000072870000010002072870000
000000024610926614530120081012002103296700000003301010050000000000004000000000000002911000000188611835000129000756629301155400000000000000000000008927104250120080089002330000072870000010002072870000
000000024710926614530120081012002103296700000003301010050000000000000180000000000000131000000190550427000156000799447440155400000000000000000000008928104250120080089002330000071000000010002071000000
000000024810926614530120081012002103296700000003301010010000000000000180000000000000131000000190550427000156000799447440155400000000000000000000008928104250120080089002330000071000000010002071000000
000000024910926614530120081012002103296700000004101020010000000000000180000000000000141000000190550427000156000799447440155400000000000000000000008928104250120080089002330000079000000010002079000000
000000025010926614530120081012002103296700000003301010020000000000000540000000000000351000000191652321000126000814628402155400000000000000000000008928704250120080089002330000064778000010002064777800
000000025110926614530120081012002103296700000003301010010000000000000720000000000000511000000195243382000190000815147415155400000000000000000000008929004250120080089002330000071000000010002071000000
000000025210926614530120081012002103296700000003302010030000000000001000000000000000871000000192752468000150000774828330155400000000000000000000008929304280120080089002330000086660000010002086660000
000000025310926614530120081011001103296710362853302010030000000000069000000000000059791000000188948492000192000825820991155400000000000000000000042186204280120080089002330000086650000010002086650000
000000025410926614530120081012002103296700000003302010080000000000002000000000000001741000000193360162000111000750220738155400000000000000000000008929604280120080089002330000086960000010002086960000
000000025510926614530120081012002103296700000003302010030000000000001000000000000000871000000100585002000190000799420291155400000000000000000000008929804280120080089002330000086650000010002086650000
000000025610926614530120081012002103296700000003302010030000000000002000000000000001731000000104010746000137000814620711155400000000000000000000008929904280120080089002330000086650000010002086650000
000000025710926614530120081012002103296700000003301010020000000000004000000000000002821000000193976306000169000818020291155400000000000000000000008930004280120080089002330000070620000010002070620000
000000025810926614530120081012002103296700000003301010050000000000004000000000000002911000000193976306000169000818020291155400000000000000000000008930004280120080089002330000072870000010002072870000
000000025910926614530120081012002103296700000003302010020000000000002000000000000001741000000106914398000158000753320291155400000000000000000000008931304280120080089002330000086800000010002086800000
000000026010926614530120081012002103296700000003301010010000000000004560000000000003231000000190378985000267000795347415155400000000000000000000008931604280120080089002330000071000000010002071000000
000000026110926614530120081012002103296700000003302010030000000000010000000000000008661000000104654447000488000756627104155400000000000000000000008932104280120080089002330000086650000010002086650000
000000026210926614530120081012002103296700000003301010020000000000004000000000000002821000000104083190000109000756620711155400000000000000000000008932304280120080089002330000070620000010002070620000
000000026310926614530120081012002103296700000003301010010000000000001020000000000000721000000109168330000165000817147415155400000000000000000000008932504280120080089002330000071000000010002071000000
000000026410926614530120081012002103296700000004101020010000000000000180000000000000141000000191004838000109000824547415155400000000000000000000008933404280120080089002330000079000000010002079000000
000000026510926614530120081012002103296700000003301010050000000000002000000000000001461000000103483185000120000852128330155400000000000000000000008933504280120080089002330000072870000010002072870000
000000026610926614530120081012002103296700000003301010050000000000001000000000000000731000000189688287000106000829415297155400000000000000000000008934304280120080089002330000072870000010002072870000
000000026710926614530120081012002103296700000003302010030000000000002000000000000001731000000192910405000185000799431012155400000000000000000000008936904290120080089002330000086650000010002086650000
000000026810926614530120081012002103296700000003302010030000000000001000000000000000871000000103072560000140000748225993155400000000000000000000008937404290120080089002330000086660000010002086660000
000000026910926614530120081012002103296700000003301010010000000000004000000000000003161000000107281492000180000835720711155400000000000000000000008938004290120080089002330000078970000010002078970000
000000027010926614530120081012002103296700000003301010010000000000001000000000000000791000000191506550000132000751718211155400000000000000000000008939004290120080089002330000078920000010002078920000
000000027110926614530120081012002103296700000003301010010000000000000900000000000000771000000192661453000268000799447415155400000000000000000000008935404290120080089002330000085278000010002085277800
000000027210926614530120081012002103296700000004101020010000000000002000000000000001581000000106914398000158000753320291155400000000000000000000008940004300120080089002330000079060000010002079060000
000000027310926614530120081011001103296710362853302010020000000000059650000000000051681000000188948492000192000825820991155400000000000000000000042240704300120080089002330000086640000010002086640000
000000027410926614530120081012002103296700000003302010030000000000100000000000000086651000000188665146000601000756628330155400000000000000000000008941004300120080089002330000086650000010002086650000
000000027510926614530120081011001103296710362853302010030000000000099940000000000086601000000188948492000192000825820991155400000000000000000000042240804300120080089002330000086650000010002086650000
000000027610926614530120081012002103296700000003302010030000000000002000000000000001731000000106914398000158000753320291155400000000000000000000008941504300120080089002330000086650000010002086650000
000000027710926614530120081012002103296700000003302010030000000000020000000000000017331000000187288940000297000793828330155400000000000000000000008942204300120080089002330000086650000010002086650000
000000027810926614530120081012002103296700000003302010030000000000001000000000000000871000000100702802000143000810528330155400000000000000000000008942304300120080089002330000086660000010002086660000
000000027910926614530120081012002103296700000003302010020000000000002000000000000001741000000104010746000137000814620711155400000000000000000000008942504300120080089002330000086800000010002086800000
000000028010926614530120081012002103296700000003302010030000000000002000000000000001731000000104010746000137000814620711155400000000000000000000008942504300120080089002330000086650000010002086650000
000000028110926614530120081012002103296700000003301010010000000000003600000000000002561000000105653450000105000782320711155400000000000000000000008942804300120080089002330000071000000010002071000000
000000028210926614530120081012002103296700000003302010030000000000002000000000000001731000000107931883000100000746617338155400000000000000000000008943004300120080089002330000086650000010002086650000
000000028310926614530120081012002103296700000004101020010000000000001000000000000000791000000187156345000117000799447890155400000000000000000000008944804300120080089002330000079060000010002079060000
000000028410926614530120081012002103296700000003301010010000000000001000000000000000791000000193126241000162000799420614155400000000000000000000008945104300120080089002330000078920000010002078920000
000000028510926614530120081012002103296700000003301010050000000000000900000000000000661000000104754028000175000850722293155400000000000000000000008947104310120080089002330000072867000010002072866700
000000028610926614530120081012002103296700000003302010030000000000001000000000000000871000000192752468000150000774828330155400000000000000000000008947604310120080089002330000086660000010002086660000
000000028710926614530120081012002103296700000003301010010000000000002000000000000001581000000193129062000189000774825993155400000000000000000000008947704310120080089002330000078920000010002078920000
000000028810926614530120081012002103296700000003301010010000000000004000000000000003161000000104010746000137000814620711155400000000000000000000008949704310120080089002330000078970000010002078970000
000000028910926614530120081012002103296700000003301010050000000000000720000000000000521000000104979039000153000818022293155400000000000000000000008950004310120080089002330000072870000010002072870000
000000029010926614530120081012002103296700000003302010020000000000000180000000000000161000000193126241000162000799420614155400000000000000000000008950304310120080089002330000086660000010002086660000
