000000000010926614530220070000226
000000000110926614530220073010003103296700000003302010020000000000058020000000000050281000000100000000000000000000000000155400000000000000000000000000000010220070089002330000110000000010002110000000
000000000210926614530220073020003103296700000003302010020000000000130060000000000112681000000100000000000000000000000000155400000000000000000000000000000280220070089002330000110000000010002110000000
000000000310926614530220074011998103296700000003302010020000000000415100000000000359641000000100000000000000000000000000155400000000000000000000000000000280220070089002330000086640000010002086640000
000000000410926614530220071011998103296700000003302010020000000000415100000000000359641000000100000000000000000000000000155400000000000000000000000000000280220070089002330000086640000010002086640000
000000000510926614530220074012998103296700000003302010020000000000343060000000000297241000000100000000000000000000000000155400000000000000000000000000000280220070089002330000086800000010002086800000
000000000610926614530220071012998103296700000003302010020000000000116000000000000100661000000100000000000000000000000000155400000000000000000000000000000280220070089002330000086800000010002086800000
000000000710926614530220071022003103296700000003302010020000000000227060000000000196581000000100000000000000000000000000155400000000000000000000000000000280220070089002330000086800000010002086800000
000000000810926614530220071022998103296700000003302010020000000000227060000000000196581000000100000000000000000000000000155400000000000000000000000000000280220070089002330000086800000010002086800000
000000000910926614530220073010003103296700000003302010030000000000070560000000000061141000000100000000000000000000000000155400000000000000000000000000000010220070089002330000086650000010002086650000
000000001010926614530220073020003103296700000003302010030000000000230040000000000199331000000100000000000000000000000000155400000000000000000000000000000280220070089002330000086650000010002086650000
000000001110926614530220074011998103296700000003302010030000000000356070000000000308531000000100000000000000000000000000155400000000000000000000000000000280220070089002330000086650000010002086650000
000000001210926614530220071011998103296700000003302010030000000000356070000000000308531000000100000000000000000000000000155400000000000000000000000000000280220070089002330000086650000010002086650000
000000001310926614530220074012998103296700000003302010030000000000196590000000000170351000000100000000000000000000000000155400000000000000000000000000000280220070089002330000086650000010002086650000
000000001410926614530220071012998103296700000003302010030000000000149720000000000129731000000100000000000000000000000000155400000000000000000000000000000280220070089002330000086650000010002086650000
000000001510926614530220071022003103296700000003302010030000000000046870000000000040611000000100000000000000000000000000155400000000000000000000000000000280220070089002330000086650000010002086650000
000000001610926614530220071022998103296700000003302010030000000000046870000000000040611000000100000000000000000000000000155400000000000000000000000000000280220070089002330000086650000010002086650000
000000001710926614530220073010003103296700000004101020010000000000014540000000000011561000000100000000000000000000000000155400000000000000000000000000000010220070089002330000079060000010002079060000
000000001810926614530220073020003103296700000004101020010000000000012740000000000010181000000100000000000000000000000000155400000000000000000000000000000280220070089002330000079060000010002079060000
000000001910926614530220074011998103296700000004101020010000000000000000000000000000001000000100000000000000000000000000155400000000000000000000000000000280220070089002330000079060000010002079060000
000000002010926614530220071011998103296700000004101020010000000000000000000000000000001000000100000000000000000000000000155400000000000000000000000000000280220070089002330000079060000010002079060000
000000002110926614530220074012998103296700000004101020010000000000001800000000000001381000000100000000000000000000000000155400000000000000000000000000000280220070089002330000079060000010002079060000
000000002210926614530220071012998103296700000004101020010000000000008800000000000006961000000100000000000000000000000000155400000000000000000000000000000280220070089002330000079060000010002079060000
0000000023109266145302200710220031032967000000041010200100000000000-70000000000000-5571000000100000000000000000000000000155400000000000000000000000000000280220070089002330000079060000010002079060000
0000000024109266145302200710229981032967000000041010200100000000000-70000000000000-5571000000100000000000000000000000000155400000000000000000000000000000280220070089002330000079060000010002079060000
000000002510926614530220073010003103296700000003301010010000000000079020000000000062061000000100000000000000000000000000155400000000000000000000000000000010220070089002330000078970000010002078970000
000000002610926614530220073020003103296700000003301010010000000000024660000000000019121000000100000000000000000000000000155400000000000000000000000000000280220070089002330000078970000010002078970000
000000002710926614530220074011998103296700000003301010010000000000000000000000000000001000000100000000000000000000000000155400000000000000000000000000000280220070089002330000078470000010002078470000
000000002810926614530220071011998103296700000003301010010000000000000000000000000000001000000100000000000000000000000000155400000000000000000000000000000280220070089002330000078470000010002078470000
000000002910926614530220074012998103296700000003301010010000000000054360000000000042941000000100000000000000000000000000155400000000000000000000000000000280220070089002330000078920000010002078920000
000000003010926614530220071012998103296700000003301010010000000000055580000000000042091000000100000000000000000000000000155400000000000000000000000000000280220070089002330000078920000010002078920000
0000000031109266145302200710220031032967000000033010100100000000000-1220000000000000861000000100000000000000000000000000155400000000000000000000000000000280220070089002330000078920000010002078920000
0000000032109266145302200710229981032967000000033010100100000000000-1220000000000000861000000100000000000000000000000000155400000000000000000000000000000280220070089002330000078920000010002078920000
000000003310926614530220073010003103296700000003302010080000000000030300000000000026291000000100000000000000000000000000155400000000000000000000000000000010220070089002330000086960000010002086960000
000000003410926614530220073020003103296700000003302010080000000000047100000000000040881000000100000000000000000000000000155400000000000000000000000000000280220070089002330000086960000010002086960000
000000003510926614530220074011998103296700000003302010080000000000030100000000000026121000000100000000000000000000000000155400000000000000000000000000000280220070089002330000086770000010002086770000
000000003610926614530220071011998103296700000003302010080000000000030100000000000026121000000100000000000000000000000000155400000000000000000000000000000280220070089002330000086770000010002086770000
000000003710926614530220074012998103296700000003302010080000000000013300000000000011521000000100000000000000000000000000155400000000000000000000000000000280220070089002330000086770000010002086770000
000000003810926614530220071012998103296700000003302010080000000000000000000000000000001000000100000000000000000000000000155400000000000000000000000000000280220070089002330000086770000010002086770000
000000003910926614530220071022003103296700000003302010080000000000013300000000000011521000000100000000000000000000000000155400000000000000000000000000000280220070089002330000086770000010002086770000
000000004010926614530220071022998103296700000003302010080000000000013300000000000011521000000100000000000000000000000000155400000000000000000000000000000280220070089002330000086770000010002086770000
000000004110926614530220073010003103296700000003301010050000000000097420000000000070841000000100000000000000000000000000155400000000000000000000000000000010220070089002330000072870000010002072870000
000000004210926614530220073020003103296700000003301010050000000000103110000000000074911000000100000000000000000000000000155400000000000000000000000000000280220070089002330000072870000010002072870000
000000004310926614530220074011998103296700000003301010050000000001357810000000000986181000000100000000000000000000000000155400000000000000000000000000000280220070089002330000072560000010002072560000
000000004410926614530220071011998103296700000003301010050000000001357810000000000986181000000100000000000000000000000000155400000000000000000000000000000280220070089002330000072560000010002072560000
000000004510926614530220074012998103296700000003301010050000000001352120000000000982101000000100000000000000000000000000155400000000000000000000000000000280220070089002330000071000000010002071000000
000000004610926614530220071012998103296700000003301010050000000001278860000000000929131000000100000000000000000000000000155400000000000000000000000000000280220070089002330000071000000010002071000000
000000004710926614530220071022003103296700000003301010050000000000073260000000000052971000000100000000000000000000000000155400000000000000000000000000000280220070089002330000071000000010002071000000
000000004810926614530220071022998103296700000003301010050000000000073260000000000052971000000100000000000000000000000000155400000000000000000000000000000280220070089002330000071000000010002071000000
000000004910926614530220073010003103296700000003301010020000000000014210000000000010021000000100000000000000000000000000155400000000000000000000000000000010220070089002330000070620000010002070620000
000000005010926614530220073020003103296700000003301010020000000000001710000000000001201000000100000000000000000000000000155400000000000000000000000000000280220070089002330000070620000010002070620000
000000005110926614530220074011998103296700000003301010020000000000029650000000000020941000000100000000000000000000000000155400000000000000000000000000000280220070089002330000070620000010002070620000
000000005210926614530220071011998103296700000003301010020000000000029650000000000020941000000100000000000000000000000000155400000000000000000000000000000280220070089002330000070620000010002070620000
000000005310926614530220074012998103296700000003301010020000000000042150000000000029771000000100000000000000000000000000155400000000000000000000000000000280220070089002330000070620000010002070620000
000000005410926614530220071012998103296700000003301010020000000000042000000000000029631000000100000000000000000000000000155400000000000000000000000000000280220070089002330000070620000010002070620000
000000005510926614530220071022003103296700000003301010020000000000000150000000000000131000000100000000000000000000000000155400000000000000000000000000000280220070089002330000070620000010002070620000
000000005610926614530220071022998103296700000003301010020000000000000150000000000000131000000100000000000000000000000000155400000000000000000000000000000280220070089002330000070620000010002070620000
000000005710926614530220071012002103296700000003301010050000000000000900000000000000661000000192661453000268000799447415155400000000000000000000007739804010220070089002330000072870000010002072870000
000000005810926614530220071011001103296710362853301010050000000000296770000000000215571000000100000000000000000000000000155400000000000000000000037951504010220070089002330000072640000010002072640000
000000005910926614530220071012002103296700000003301010050000000000000300000000000000221000000192661453000268000799447415155400000000000000000000007739804010220070089002330000072870000010002072870000
000000006010926614530220071011001103296710362853302010020000000000108370000000000093891000000100000000000000000000000000155400000000000000000000037959304010220070089002330000086640000010002086640000
000000006110926614530220071012002103296700000003301010010000000000000720000000000000511000000192661453000268000799447415155400000000000000000000007739804010220070089002330000071000000010002071000000
000000006210926614530220071011001103296710362853302010030000000000049390000000000042801000000100000000000000000000000000155400000000000000000000037958704010220070089002330000086650000010002086650000
000000006310926614530220071012002103296700000003302010020000000000006000000000000005211000000102491687000130000756628232155400000000000000000000007742304010220070089002330000086800000010002086800000
000000006410926614530220071012002103296700000003302010030000000000004000000000000003471000000102491687000130000756628232155400000000000000000000007742304010220070089002330000086650000010002086650000
000000006510926614530220071012002103296700000003301010010000000000000720000000000000511000000106049304000120000000000000155400000000000000000000007740804010220070089002330000071000000010002071000000
000000006610926614530220071012002103296700000003301010010000000000000600000000000000431000000106049304000120000000000000155400000000000000000000007740804010220070089002330000071000000010002071000000
000000006710926614530220071012002103296700000003301010050000000000000360000000000000261000000190550427000156000000000000155400000000000000000000007740904010220070089002330000071000000010002071000000
000000006810926614530220071012002103296700000003301010010000000000000360000000000000261000000190550427000156000000000000155400000000000000000000007740904010220070089002330000071000000010002071000000
000000006910926614530220071012002103296700000003301010010000000000000300000000000000211000000190550427000156000000000000155400000000000000000000007740904010220070089002330000071000000010002071000000
000000007010926614530220071012002103296700000003302010030000000000006000000000000005201000000192015064000265000795324512155400000000000000000000007741204010220070089002330000086650000010002086650000
000000007110926614530220071012002103296700000003301010050000000000300000000000000217921000000106303981000122000000000000155400000000000000000000007742504010220070089002330000072640000010002072640000
000000007210926614530220071012002103296700000003302010020000000000002000000000000001741000000104010746000137000814620711155400000000000000000000007742704020220070089002330000086800000010002086800000
000000007310926614530220071012002103296700000003302010030000000000002000000000000001731000000104010746000137000814620711155400000000000000000000007742704020220070089002330000086650000010002086650000
000000007410926614530220071012002103296700000003301010020000000000006000000000000004241000000191889600000108000000000000155400000000000000000000007743004020220070089002330000070620000010002070620000
000000007510926614530220071012002103296700000003301010010000000000002000000000000001581000000104010746000137000814620711155400000000000000000000007743704020220070089002330000078970000010002078970000
000000007610926614530220071012002103296700000003301010010000000000000720000000000000511000000191908681000146000000000000155400000000000000000000007743904020220070089002330000071000000010002071000000
000000007710926614530220071012002103296700000003301010010000000000001440000000000001021000000190552472000140000793332124155400000000000000000000007744004020220070089002330000071000000010002071000000
000000007810926614530220071012002103296700000004101020010000000000000180000000000000141000000190552472000140000793332124155400000000000000000000007744004020220070089002330000079000000010002079000000
000000007910926614530220071012002103296700000003301010050000000000002000000000000001461000000190295338000100000000000000155400000000000000000000007744504020220070089002330000072870000010002072870000
000000008010926614530220071012002103296700000003301010050000000000002000000000000001461000000193899359000123000828827511155400000000000000000000007744604020220070089002330000072870000010002072870000
000000008110926614530220071012002103296700000003302010030000000000008000000000000006931000000188941125000248000000000000155400000000000000000000007745804050220070089002330000086650000010002086650000
000000008210926614530220071012002103296700000003302010030000000000002000000000000001731000000103571417000100000750225438155400000000000000000000007745904050220070089002330000086650000010002086650000
000000008310926614530220071012002103296700000003301010010000000000001000000000000000791000000191506550000132000751718211155400000000000000000000007746804050220070089002330000078920000010002078920000
000000008410926614530220071012002103296700000003302010030000000000002000000000000001731000000175493577000181000843020711155400000000000000000000007748604050220070089002330000086650000010002086650000
000000008510926614530220071012002103296700000003301010050000000000002000000000000001461000000103483185000120000852128330155400000000000000000000007748904050220070089002330000072870000010002072870000
000000008610926614530220071012002103296700000003302010030000000000001000000000000000871000000192752468000150000774828330155400000000000000000000007750004060220070089002330000086660000010002086660000
000000008710926614530220071011001103296710362853301010050000000000298220000000000216631000000100000000000000000000000000155400000000000000000000037996004060220070089002330000072640000010002072640000
000000008810926614530220071012002103296700000004101020010000000000002000000000000001581000000192696418000101000753328232155400000000000000000000007750204060220070089002330000079060000010002079060000
000000008910926614530220071012002103296700000003302010030000000000002000000000000001731000000106914398000158000753320291155400000000000000000000007750804060220070089002330000086650000010002086650000
000000009010926614530220071012002103296700000003301010050000000000004000000000000002911000000193976306000169000818020291155400000000000000000000007750904060220070089002330000072870000010002072870000
000000009110926614530220071012002103296700000003301010020000000000002000000000000001411000000197328090000186000751720291155400000000000000000000007751004060220070089002330000070390000010002070390000
000000009210926614530220071012002103296700000003302010020000000000010000000000000008681000000190233826000193000756615106155400000000000000000000007752604060220070089002330000086800000010002086800000
000000009310926614530220071012002103296700000003301010050000000000000720000000000000521000000104754028000175000850722293155400000000000000000000007753204060220070089002330000072867000010002072866700
000000009410926614530220071012002103296700000003302010030000000000008000000000000006931000000192015064000508000000000000155400000000000000000000007752704060220070089002330000086650000010002086650000
000000009510926614530220071012002103296700000003302010030000000000002000000000000001731000000187296778000178000782315106155400000000000000000000007753404060220070089002330000086650000010002086650000
000000009610926614530220071012002103296700000003301010050000000000002000000000000001461000000187296778000178000782315106155400000000000000000000007753404060220070089002330000072870000010002072870000
000000009710926614530220071012002103296700000003301010050000000000300000000000000217921000000106303981000122000000000000155400000000000000000000007753604060220070089002330000072640000010002072640000
000000009810926614530220071012002103296700000003301010010000000000002000000000000001581000000102491687000130000756628232155400000000000000000000007758004070220070089002330000078970000010002078970000
000000009910926614530220071012002103296700000003302010030000000000002000000000000001731000000102491687000130000756628232155400000000000000000000007758004070220070089002330000086650000010002086650000
000000010010926614530220071012002103296700000003302010020000000000002000000000000001741000000102491687000130000756628232155400000000000000000000007758004070220070089002330000086800000010002086800000
000000010110926614530220071012002103296700000003302010030000000000002000000000000001731000000190292970000109000000000000155400000000000000000000007755504070220070089002330000086650000010002086650000
000000010210926614530220071012002103296700000003301010010000000000002000000000000001581000000192632678000105000774833198155400000000000000000000007754004070220070089002330000078970000010002078970000
000000010310926614530220071012002103296700000003301010020000000000004000000000000002821000000191889600000108000000000000155400000000000000000000007754104070220070089002330000070620000010002070620000
000000010410926614530220071012002103296700000003301010010000000000002000000000000001581000000104533318000199000743125993155400000000000000000000007756004070220070089002330000078970000010002078970000
000000010510926614530220071012002103296700000003302010030000000000002000000000000001731000000189901771000163000000000000155400000000000000000000007758204080220070089002330000086650000010002086650000
000000010610926614530220071011001103296710362853301010050000000000060700000000000044041000000100000000000000000000000000155400000000000000000000038023904080220070089002330000072560000010002072560000
000000010710926614530220071012002103296700000003302010030000000000000720000000000000621000000107774660000179000000000000155400000000000000000000007759504080220070089002330000086650000010002086650000
000000010810926614530220071011001103296710362853302010020000000000049860000000000043201000000100000000000000000000000000155400000000000000000000038023604080220070089002330000086640000010002086640000
000000010910926614530220071012002103296700000003302010030000000000002000000000000001731000000192865674000177000756645200155400000000000000000000007759604080220070089002330000086650000010002086650000
000000011010926614530220071011001103296710362853302010030000000000049970000000000043301000000100000000000000000000000000155400000000000000000000038023004080220070089002330000086650000010002086650000
000000011110926614530220071012002103296700000003301010050000000000002000000000000001461000000193785822000106000756629301155400000000000000000000007759704080220070089002330000072870000010002072870000
000000011210926614530220071012002103296700000003301010050000000000002000000000000001461000000103483185000120000852128330155400000000000000000000007760304080220070089002330000072870000010002072870000
000000011310926614530220071012002103296700000003302010030000000000002000000000000001731000000102491687000130000756628232155400000000000000000000007760904080220070089002330000086650000010002086650000
000000011410926614530220071012002103296700000003302010020000000000004000000000000003471000000102491687000130000756628232155400000000000000000000007760904080220070089002330000086800000010002086800000
000000011510926614530220071012002103296700000003301010050000000000002000000000000001461000000102491687000130000756628232155400000000000000000000007760904080220070089002330000072870000010002072870000
000000011610926614530220071012002103296700000004101020010000000000000180000000000000141000000194684404000195000000000000155400000000000000000000007763104090220070089002330000079000000010002079000000
000000011710926614530220071012002103296700000003301010010000000000000300000000000000211000000194684404000195000000000000155400000000000000000000007763104090220070089002330000071000000010002071000000
000000011810926614530220071012002103296700000003301010050000000000020000000000000014571000000189515712000157000750215297155400000000000000000000007762804090220070089002330000072870000010002072870000
000000011910926614530220071012002103296700000003302010030000000000002000000000000001731000000191495499000100000789328330155400000000000000000000007763704090220070089002330000086650000010002086650000
000000012010926614530220071012002103296700000003302010030000000000020000000000000017331000000187288940000297000793828330155400000000000000000000007763804090220070089002330000086650000010002086650000
000000012110926614530220071012002103296700000003302010020000000000010000000000000008681000000192104199000116000771915297155400000000000000000000007763904090220070089002330000086800000010002086800000
000000012210926614530220071012002103296700000003301010010000000000000900000000000000641000000101975351000180000000000000155400000000000000000000007764304090220070089002330000071000000010002071000000
000000012310926614530220071012002103296700000004101020010000000000000180000000000000141000000101975351000180000000000000155400000000000000000000007764304090220070089002330000079000000010002079000000
000000012410926614530220071012002103296700000003301010010000000000000180000000000000131000000102969606000165000850746125155400000000000000000000007764404090220070089002330000071000000010002071000000
000000012510926614530220071012002103296700000004101020010000000000000360000000000000281000000102969606000165000850746125155400000000000000000000007764404090220070089002330000079000000010002079000000
000000012610926614530220071012002103296700000003301010010000000000002000000000000001581000000173321655000135000846318121155400000000000000000000007764504090220070089002330000078970000010002078970000
000000012710926614530220071012002103296700000003301010010000000000000540000000000000381000000103117773000140000000000000155400000000000000000000007766604120220070089002330000071000000010002071000000
000000012810926614530220071012002103296700000004101020010000000000000180000000000000141000000103117773000140000000000000155400000000000000000000007766604120220070089002330000079000000010002079000000
000000012910926614530220071012002103296700000003301010050000000000001000000000000000731000000189688287000106000829415297155400000000000000000000007767804120220070089002330000072870000010002072870000
000000013010926614530220071012002103296700000003301010010000000000000900000000000000641000000195243382000190000000000000155400000000000000000000007768104120220070089002330000071000000010002071000000
000000013110926614530220071012002103296700000003301010010000000000004000000000000003161000000107612050000179000000000000155400000000000000000000007768504120220070089002330000078970000010002078970000
000000013210926614530220071012002103296700000003302010030000000000001000000000000000871000000192752468000150000774828330155400000000000000000000007769504120220070089002330000086660000010002086660000
000000013310926614530220071012002103296700000003301010050000000000000720000000000000521000000193729309000106000000000000155400000000000000000000007770004120220070089002330000072870000010002072870000
000000013410926614530220071012002103296700000003302010020000000000010000000000000008661000000192779370000197000000000000155400000000000000000000007770204130220070089002330000086640000010002086640000
000000013510926614530220071011001103296710362853301010050000000000294890000000000214211000000100000000000000000000000000155400000000000000000000038097404130220070089002330000072640000010002072640000
000000013610926614530220071012002103296700000003301010010000000000001000000000000000791000000191506550000132000751718211155400000000000000000000007770604130220070089002330000078920000010002078920000
000000013710926614530220071011001103296710362853301010050000000000050000000000000036281000000100000000000000000000000000155400000000000000000000038097404130220070089002330000072560000010002072560000
000000013810926614530220071012002103296700000003302010030000000000002000000000000001731000000192544196000101000776728330155400000000000000000000007771804130220070089002330000086650000010002086650000
000000013910926614530220071012002103296700000003301010010000000000000360000000000000311000000192661453000268000799447415155400000000000000000000007773004130220070089002330000085278000010002085277800
000000014010926614530220071012002103296700000003302010030000000000002000000000000001731000000192910405000185000000000000155400000000000000000000007773104130220070089002330000086650000010002086650000
000000014110926614530220071012002103296700000003302010020000000000010000000000000008681000000190233826000193000756615106155400000000000000000000007773304130220070089002330000086800000010002086800000
000000014210926614530220071012002103296700000003301010020000000000002000000000000001411000000191889600000108000000000000155400000000000000000000007773804140220070089002330000070620000010002070620000
000000014310926614530220071011001103296710362853302010020000000000078700000000000068191000000100000000000000000000000000155400000000000000000000038110104140220070089002330000086640000010002086640000
000000014410926614530220071012002103296700000003301010050000000000300000000000000217921000000106303981000122000000000000155400000000000000000000007774904140220070089002330000072640000010002072640000
000000014510926614530220071011001103296710362853301010020000000000029650000000000020941000000100000000000000000000000000155400000000000000000000038109404140220070089002330000070620000010002070620000
000000014610926614530220071012002103296700000003302010020000000000010000000000000008661000000192779370000197000000000000155400000000000000000000007775404140220070089002330000086640000010002086640000
000000014710926614530220071011001103296710362853302010030000000000049400000000000042811000000100000000000000000000000000155400000000000000000000038108404140220070089002330000086650000010002086650000
000000014810926614530220071012002103296700000003301010010000000000002000000000000001581000000106914398000158000753320291155400000000000000000000007775504140220070089002330000078970000010002078970000
000000014910926614530220071012002103296700000003301010010000000000003600000000000002561000000188582481000131000000000000155400000000000000000000007776204140220070089002330000071000000010002071000000
000000015010926614530220071012002103296700000003301010010000000000003000000000000002131000000188582481000131000000000000155400000000000000000000007776204140220070089002330000071000000010002071000000
000000015110926614530220071012002103296700000003302010030000000000001000000000000000871000000106205037000132000748225993155400000000000000000000007776904140220070089002330000086660000010002086660000
000000015210926614530220071012002103296700000003301010010000000000000360000000000000261000000108512257000134000815147440155400000000000000000000007777004140220070089002330000071000000010002071000000
000000015310926614530220071012002103296700000003301010010000000000000300000000000000211000000108512257000134000815147440155400000000000000000000007777004140220070089002330000071000000010002071000000
000000015410926614530220071012002103296700000003302010030000000000002000000000000001731000000175493577000181000843020711155400000000000000000000007777104140220070089002330000086650000010002086650000
000000015510926614530220071012002103296700000003301010050000000000000720000000000000521000000104754028000175000850722293155400000000000000000000007777204140220070089002330000072867000010002072866700
000000015610926614530220071012002103296700000003302010020000000000010000000000000008681000000103959238000137000756615106155400000000000000000000007777804140220070089002330000086800000010002086800000
000000015710926614530220071012002103296700000003301010050000000000002000000000000001461000000100727001000132000000000000155400000000000000000000007778704140220070089002330000072870000010002072870000
000000015810926614530220071012002103296700000004101020010000000000002000000000000001581000000100727001000132000000000000155400000000000000000000007778704140220070089002330000079060000010002079060000
000000015910926614530220071012002103296700000003301010050000000000000180000000000000131000000192781335000102000000000000155400000000000000000000007779204150220070089002330000071000000010002071000000
000000016010926614530220071012002103296700000003301010020000000000006000000000000004241000000191889600000108000000000000155400000000000000000000007780404150220070089002330000070620000010002070620000
000000016110926614530220071012002103296700000003302010030000000000004000000000000003471000000197275952000150000741628330155400000000000000000000007781404150220070089002330000086650000010002086650000
000000016210926614530220071012002103296700000003302010020000000000002000000000000001741000000104010746000137000814620711155400000000000000000000007781904150220070089002330000086800000010002086800000
000000016310926614530220071012002103296700000003301010010000000000002000000000000001581000000104010746000137000814620711155400000000000000000000007781904150220070089002330000078970000010002078970000
000000016410926614530220071012002103296700000003301010050000000000010000000000000007291000000193284131000129000000000000155400000000000000000000007784704160220070089002330000072870000010002072870000
000000016510926614530220071012002103296700000003301010020000000000006000000000000004241000000191889600000108000000000000155400000000000000000000007784804160220070089002330000070620000010002070620000
000000016610926614530220071012002103296700000003301010050000000000002000000000000001461000000188302591000100000753315211155400000000000000000000007785904160220070089002330000072870000010002072870000
000000016710926614530220071012002103296700000003301010010000000000000540000000000000381000000188636741000104000000000000155400000000000000000000007786104160220070089002330000071000000010002071000000
000000016810926614530220071012002103296700000003302010020000000000010000000000000008681000000192104199000116000771915297155400000000000000000000007786204160220070089002330000086800000010002086800000
000000016910926614530220071012002103296700000003302010020000000000010000000000000008681000000190233826000193000756615106155400000000000000000000007786304160220070089002330000086800000010002086800000
000000017010926614530220071012002103296700000003301010050000000000000180000000000000131000000192781335000102000000000000155400000000000000000000007786504160220070089002330000071000000010002071000000
000000017110926614530220071012002103296700000003302010030000000000020000000000000017331000000187288940000297000793828330155400000000000000000000007787304160220070089002330000086650000010002086650000
000000017210926614530220071012002103296700000003302010020000000000002000000000000001741000000102491687000130000756628232155400000000000000000000007787704160220070089002330000086800000010002086800000
000000017310926614530220071012002103296700000003301010010000000000001000000000000000791000000191506550000132000751718211155400000000000000000000007788604210220070089002330000078920000010002078920000
000000017410926614530220071011001103296710362853302010080000000000030100000000000026121000000100000000000000000000000000155400000000000000000000038169904210220070089002330000086770000010002086770000
000000017510926614530220071012002103296700000003302010030000000000008000000000000006931000000188941125000248000000000000155400000000000000000000007791004210220070089002330000086650000010002086650000
000000017610926614530220071011001103296710362853302010020000000000079390000000000068781000000100000000000000000000000000155400000000000000000000038173804210220070089002330000086640000010002086640000
000000017710926614530220071012002103296700000004101020010000000000001000000000000000791000000162004395006199000774818130155400000000000000000000007791204210220070089002330000079060000010002079060000
000000017810926614530220071011001103296710362853302010030000000000050090000000000043401000000100000000000000000000000000155400000000000000000000038168904210220070089002330000086650000010002086650000
000000017910926614530220071012002103296700000003301010010000000000001080000000000000771000000181549693000178000000000000155400000000000000000000007791404210220070089002330000071000000010002071000000
000000018010926614530220071012002103296700000003301010010000000000000900000000000000641000000181787061000142000000000000155400000000000000000000007791604210220070089002330000071000000010002071000000
000000018110926614530220071012002103296700000003302010030000000000002000000000000001731000000190292970000109000000000000155400000000000000000000007794004220220070089002330000086650000010002086650000
000000018210926614530220071011001103296710362853301010050000000000298070000000000216521000000100000000000000000000000000155400000000000000000000038196104220220070089002330000072640000010002072640000
000000018310926614530220071012002103296700000003302010030000000000001000000000000000871000000192752468000150000774828330155400000000000000000000007794804220220070089002330000086660000010002086660000
000000018410926614530220071012002103296700000003301010010000000000002000000000000001581000000106914398000158000753320291155400000000000000000000007794904220220070089002330000078970000010002078970000
000000018510926614530220071012002103296700000003301010010000000000006000000000000004741000000193126241000162000799420614155400000000000000000000007795004220220070089002330000078970000010002078970000
000000018610926614530220071012002103296700000003301010010000000000000600000000000000431000000192603869000149000815347415155400000000000000000000007796004220220070089002330000071000000010002071000000
000000018710926614530220071012002103296700000003301010050000000000001800000000000001311000000189463822000112000000000000155400000000000000000000007796404220220070089002330000072870000010002072870000
000000018810926614530220071012002103296700000003302010020000000000004000000000000003471000000102491687000130000756628232155400000000000000000000007796504220220070089002330000086800000010002086800000
000000018910926614530220071012002103296700000003301010050000000000002000000000000001461000000102487863000160000766728232155400000000000000000000007796604220220070089002330000072870000010002072870000
000000019010926614530220071012002103296700000003301010050000000000000720000000000000521000000104754028000175000850722293155400000000000000000000007796904220220070089002330000072867000010002072866700
000000019110926614530220071012002103296700000003301010050000000000002000000000000001461000000103483185000120000852128330155400000000000000000000007797004220220070089002330000072870000010002072870000
000000019210926614530220071012002103296700000003301010050000000000001260000000000000921000000187127731000133000799446729155400000000000000000000007798204220220070089002330000072870000010002072870000
000000019310926614530220071012002103296700000004101020010000000000000540000000000000431000000190552472000140000793332124155400000000000000000000007798404230220070089002330000079000000010002079000000
000000019410926614530220071012002103296700000003301010010000000000000360000000000000261000000190552472000140000793332124155400000000000000000000007798404230220070089002330000071000000010002071000000
000000019510926614530220071012002103296700000003302010020000000000002000000000000001741000000104010746000137000814620711155400000000000000000000007798604230220070089002330000086800000010002086800000
000000019610926614530220071012002103296700000003302010030000000000002000000000000001731000000104010746000137000814620711155400000000000000000000007798604230220070089002330000086650000010002086650000
000000019710926614530220071012002103296700000003301010050000000000300000000000000217921000000106303981000122000000000000155400000000000000000000007798304230220070089002330000072640000010002072640000
000000019810926614530220071012002103296700000003302010030000000000002000000000000001731000000192865674000177000756645200155400000000000000000000007799404230220070089002330000086650000010002086650000
000000019910926614530220071012002103296700000003301010050000000000004000000000000002911000000191704981000103000000000000155400000000000000000000007799804230220070089002330000072870000010002072870000
000000020010926614530220071012002103296700000003302010030000000000020000000000000017331000000187288940000297000793828330155400000000000000000000007800004230220070089002330000086650000010002086650000
000000020110926614530220071012002103296700000003301010050000000000002000000000000001461000000193899359000123000828827511155400000000000000000000007800104230220070089002330000072870000010002072870000
000000020210926614530220071012002103296700000004101020010000000000000180000000000000141000000102969606000165000850746125155400000000000000000000007800604230220070089002330000079000000010002079000000
000000020310926614530220071012002103296700000003301010010000000000000180000000000000131000000102969606000165000850746125155400000000000000000000007800604230220070089002330000071000000010002071000000
000000020410926614530220071012002103296700000003302010020000000000010000000000000008681000000190233826000193000756615106155400000000000000000000007802004230220070089002330000086800000010002086800000
000000020510926614530220071012002103296700000003301010010000000000001440000000000001021000000191722769000179000774446729155400000000000000000000007802504230220070089002330000071000000010002071000000
000000020610926614530220071012002103296700000003301010010000000000003000000000000002131000000191722769000179000774446729155400000000000000000000007802504230220070089002330000071000000010002071000000
000000020710926614530220071012002103296700000003301010050000000000004000000000000002911000000193976306000169000818020291155400000000000000000000007803504260220070089002330000072870000010002072870000
000000020810926614530220071011001103296710362853301010050000000000059160000000000042931000000100000000000000000000000000155400000000000000000000038235704260220070089002330000072560000010002072560000
000000020910926614530220071012002103296700000003301010020000000000006000000000000004241000000191889600000108000000000000155400000000000000000000007803904260220070089002330000070620000010002070620000
000000021010926614530220071011001103296710362853302010020000000000098780000000000085581000000100000000000000000000000000155400000000000000000000038236804260220070089002330000086640000010002086640000
000000021110926614530220071012002103296700000003301010010000000000002000000000000001581000000194741436000185000000000000155400000000000000000000007805604260220070089002330000078970000010002078970000
000000021210926614530220071012002103296700000003301010050000000000002000000000000001461000000103705616000156000750225438155400000000000000000000007807904260220070089002330000072870000010002072870000
000000021310926614530220071012002103296700000004101020010000000000002000000000000001581000000100727001000132000000000000155400000000000000000000007808204260220070089002330000079060000010002079060000
000000021410926614530220071012002103296700000003301010010000000000001000000000000000791000000191777078000172000753346478155400000000000000000000007808404270220070089002330000078920000010002078920000
000000021510926614530220071012002103296700000003302010030000000000002000000000000001731000000191495499000100000789328330155400000000000000000000007809204270220070089002330000086650000010002086650000
000000021610926614530220071012002103296700000003301010050000000000002000000000000001461000000190295338000100000000000000155400000000000000000000007809304270220070089002330000072870000010002072870000
000000021710926614530220071012002103296700000003302010030000000000002000000000000001731000000175493577000181000843020711155400000000000000000000007809904270220070089002330000086650000010002086650000
000000021810926614530220071012002103296700000003301010020000000000010000000000000007041000000106880480000109000791813405155400000000000000000000007810904270220070089002330000070390000010002070390000
000000021910926614530220071012002103296700000003302010030000000000002000000000000001731000000104010746000137000814620711155400000000000000000000007811704280220070089002330000086650000010002086650000
000000022010926614530220071011001103296710362853302010030000000000157220000000000136231000000100000000000000000000000000155400000000000000000000038273604280220070089002330000086650000010002086650000
000000022110926614530220071012002103296700000003301010010000000000000180000000000000151000000102018870000113000000000000155400000000000000000000007812704280220070089002330000085278000010002085277800
000000022210926614530220071012002103296700000003302010030000000000004000000000000003471000000188363775000334000749728330155400000000000000000000007813404280220070089002330000086650000010002086650000
000000022310926614530220071012002103296700000003302010030000000000001000000000000000871000000104220434000158000756625993155400000000000000000000007813804280220070089002330000086660000010002086660000
000000022410926614530220071012002103296700000003302010020000000000002000000000000001741000000104010746000137000814620711155400000000000000000000007814904280220070089002330000086800000010002086800000
000000022510926614530220071012002103296700000003302010030000000000002000000000000001731000000104010746000137000814620711155400000000000000000000007814904280220070089002330000086650000010002086650000
